   8.7074253e-01   5.1848007e-02   2.6481507e-04   3.3755424e-01   5.5836904e-02   5.9243933e-02   9.3798743e-01   1.1792420e-01   3.7162786e-01   9.2696886e-01   4.2773850e-02   5.5447301e-02   9.6008537e-02   1.3574200e-01   5.3263573e-01   7.3099311e-01   5.7567645e-03   8.7682376e-01   3.8316311e-01   1.9991674e-01   9.8012909e-01
   6.0269575e-01   6.9086192e-04   1.6560526e-06   5.0551231e-03   2.1898490e-04   2.3501707e-04   2.6605452e-01   1.6801488e-03   8.4332896e-01   5.6140554e-01   2.7973409e-01   8.0897164e-02   6.8325312e-02   2.3269994e-01   2.1701306e-01   8.5252992e-01   9.8449872e-03   7.7522379e-01   6.9403838e-01   1.3693792e-01   6.6279132e-01
   3.9142195e-01   9.4298090e-01   5.7173397e-01   6.9390314e-01   6.3749933e-01   6.4656806e-01   5.0241212e-01   9.5736740e-01   6.2544652e-01   8.2122175e-01   4.9582664e-01   7.8572045e-01   9.3755535e-01   7.6857669e-01   6.3849332e-01   6.1243350e-02   1.5556919e-01   8.2091180e-02   7.9434349e-02   3.8307338e-01   9.6267034e-01
   9.7015350e-01   3.9029715e-02   7.5595679e-04   2.9814442e-01   2.9979941e-02   2.9899270e-02   9.4010652e-01   7.6446244e-02   7.8053330e-01   6.0919684e-01   2.3169003e-01   1.5213292e-01   1.7077229e-01   3.2781982e-01   4.0948107e-01   8.7720470e-01   2.8189944e-02   6.3076751e-01   8.3247513e-01   7.3410696e-01   9.5368020e-01
   9.6031993e-01   3.7094437e-02   5.3559774e-03   1.0249895e-01   8.1704206e-03   9.4267676e-03   4.9358490e-01   9.0694480e-02   8.5546808e-01   6.9258898e-01   3.7012028e-01   3.1403721e-01   3.4098793e-01   4.9300078e-01   8.1339769e-01   3.0287993e-01   5.8421885e-02   3.8381144e-01   2.9901448e-01   3.5197534e-01   9.6432684e-01
   9.2848958e-01   7.4187799e-02   1.0017446e-02   1.5691789e-01   3.2616602e-02   3.5895060e-02   7.1316186e-01   1.4181879e-01   8.4268111e-01   6.9467838e-01   3.6532100e-01   3.8240370e-01   4.3958257e-01   5.6149454e-01   9.3499804e-01   3.3522584e-01   5.9972985e-02   4.4562520e-01   3.0423344e-01   3.8329688e-01   9.3031937e-01
   1.6640255e-01   1.3081312e-01   2.5963116e-01   5.7017646e-02   4.4377948e-01   3.1123510e-01   1.6026706e-01   9.6657776e-02   1.3529781e-01   4.8106700e-02   5.3191719e-01   8.4902240e-01   9.9806257e-01   4.4991387e-01   8.6495230e-01   4.1615662e-01   9.1260494e-01   5.6981636e-01   3.1248479e-01   5.0795113e-01   6.3360118e-01
   4.1745913e-01   1.6780398e-03   4.2388045e-05   1.6295750e-02   3.9738838e-03   4.4386237e-03   2.6145279e-01   1.7850943e-03   8.7826423e-01   5.6144266e-01   3.3529224e-01   7.0736180e-02   5.0664692e-02   2.1521308e-01   9.5419111e-02   2.1914213e-01   4.6414333e-02   1.9163035e-01   7.1088431e-01   2.0508869e-01   5.5741687e-01
   7.2659348e-01   1.2028126e-01   1.4970533e-02   8.4361108e-02   5.7419837e-02   5.8785076e-02   9.0165970e-01   1.4785312e-01   6.0399637e-01   9.3317405e-01   2.6732268e-01   2.2364754e-01   2.6168904e-01   3.3983453e-01   5.8652336e-01   2.9861366e-01   1.7609112e-02   3.2681070e-01   1.6324594e-01   9.9063589e-02   6.8895915e-01
   2.9141041e-01   2.0225481e-03   1.1359417e-04   1.6212032e-02   1.3869146e-02   1.1571930e-02   1.9720802e-01   1.8812043e-03   9.2546257e-01   3.4824811e-01   3.6274204e-01   8.9979859e-02   6.6759548e-02   2.9962200e-01   1.3223492e-01   1.1230308e-01   6.3050647e-02   9.8843016e-02   4.8332489e-01   1.9709907e-01   6.2496553e-01
   4.3411651e-01   8.6141580e-02   2.4062624e-01   1.0881210e-02   1.6869532e-01   1.4431353e-01   5.0200187e-01   4.8033844e-02   9.5889747e-01   4.5629017e-01   4.2090145e-01   4.6073983e-01   5.3061345e-01   7.1860925e-01   8.5780464e-01   8.7788617e-01   4.8426302e-02   7.0132258e-01   4.2321813e-01   5.2124374e-02   4.0758220e-01
   3.2523347e-01   3.9900657e-01   4.6929843e-01   2.6800171e-01   8.6382439e-01   7.5601685e-01   6.3081749e-01   3.1270079e-01   7.5060957e-02   6.7953683e-02   2.0313986e-01   2.0733252e-01   2.6137476e-01   1.0447536e-01   2.1892828e-01   3.0974248e-01   5.2464517e-01   3.9970687e-01   2.0563208e-01   8.2008421e-01   5.6782988e-01
   1.8230497e-01   1.1448594e-01   2.1744770e-01   5.8915869e-02   2.9779107e-01   2.2458751e-01   1.7206423e-01   9.7849440e-02   9.8756965e-02   5.3076556e-02   3.4741240e-01   5.9469206e-01   7.4917554e-01   3.0209634e-01   5.9148698e-01   4.5103040e-01   8.9572510e-01   5.8386485e-01   2.9702799e-01   7.7320450e-01   6.0857891e-01
   3.2555874e-01   5.1672920e-01   6.2399873e-01   3.1701176e-01   8.4989610e-01   9.9647624e-01   7.1993146e-01   3.6815096e-01   8.9962460e-02   6.8289291e-02   2.5068645e-01   2.4907272e-01   2.9898361e-01   1.2604096e-01   2.6768960e-01   2.4513947e-01   5.6146094e-01   3.1554254e-01   1.8160035e-01   9.7845999e-01   5.3769316e-01
   3.6915354e-01   4.9086874e-01   7.0923643e-01   1.4576239e-01   8.8674903e-01   7.2581961e-01   2.9359878e-01   3.5496579e-01   1.6755288e-01   1.3001538e-01   3.5177867e-01   5.4191733e-01   6.6893032e-01   3.2920163e-01   7.1606761e-01   6.0471648e-01   6.5637378e-01   8.7864217e-01   4.2770363e-01   6.7583673e-01   7.1065804e-01
   3.3128885e-01   2.8450178e-01   5.4364723e-01   4.0768637e-02   6.3101293e-01   4.6953781e-01   1.9996847e-01   1.8586920e-01   2.4344901e-01   9.5567707e-02   6.9688248e-01   9.7513502e-01   9.1791635e-01   5.9109865e-01   9.3247851e-01   5.9818440e-01   6.3382331e-01   8.6967343e-01   6.1031805e-01   2.3009953e-01   9.4132138e-01
   5.4534512e-02   1.3201624e-01   5.1688271e-01   5.1302685e-02   6.3676052e-01   4.6677259e-01   7.0612403e-02   8.2462902e-02   8.5798725e-02   1.5497811e-02   5.2782920e-01   9.0995462e-01   6.9595720e-01   5.3802941e-01   6.2093128e-01   1.1213365e-01   8.4757712e-01   2.4278042e-01   1.1176483e-01   3.3997404e-01   7.4301950e-01
   2.9888186e-02   8.0577519e-02   4.7620303e-01   3.2471890e-02   4.8229247e-01   3.3970301e-01   3.3789727e-02   5.0459399e-02   5.9988780e-02   8.6953922e-03   4.7062075e-01   9.1578195e-01   6.7562275e-01   5.0319178e-01   5.8389621e-01   7.9726182e-02   8.6664752e-01   1.9282285e-01   7.5922784e-02   3.7256318e-01   7.5495818e-01
   1.1936952e-01   6.3522889e-03   6.7638056e-02   2.1082865e-03   1.3534309e-02   3.5772600e-03   6.9949132e-03   6.1776757e-03   2.8223862e-01   8.3433233e-02   9.0122193e-01   4.3390198e-01   2.8462843e-01   9.1793863e-01   3.1826502e-01   6.0536449e-01   3.3617001e-01   7.6640323e-01   4.8959850e-01   3.1457415e-01   7.2196609e-01
   4.8669035e-01   3.2009664e-01   2.4705787e-01   3.8754248e-01   5.6526298e-01   5.5510356e-01   9.7440961e-01   2.8810251e-01   6.9448520e-02   9.2609091e-02   1.3640700e-01   8.1234617e-02   9.8368387e-02   4.6488858e-02   6.4835711e-02   2.1133636e-01   5.0719918e-01   1.7965703e-01   1.5065900e-01   3.9645641e-01   6.1414858e-01
   5.0228950e-01   3.3109636e-01   2.4949851e-01   4.0696235e-01   5.7456683e-01   5.6668235e-01   9.9526188e-01   3.0288305e-01   7.0995109e-02   9.5774385e-02   1.3834834e-01   7.7337680e-02   9.2233323e-02   4.4979114e-02   5.8831897e-02   2.2362784e-01   4.9935540e-01   1.9097584e-01   1.5884237e-01   3.8940887e-01   6.0505902e-01
   5.8518281e-01   4.9115386e-02   1.4159530e-02   1.4810615e-01   9.6029309e-02   6.6383824e-02   3.1884028e-01   8.0618254e-02   8.5813280e-01   3.8069761e-01   1.4965643e-01   4.2254917e-02   4.1270312e-02   1.9291208e-01   1.6477153e-01   8.7857482e-01   2.8267135e-02   9.4163134e-01   7.4547070e-01   2.2899425e-01   9.7999435e-01
   5.5075845e-01   2.3941665e-01   3.1361113e-02   8.7578074e-01   1.0496954e-01   1.0879742e-01   9.4351658e-01   4.0921430e-01   1.2828368e-01   5.3728485e-01   1.8664038e-02   3.8250999e-03   6.2894784e-03   1.2637590e-02   2.7122406e-02   4.8642286e-01   6.9420596e-03   7.0105457e-01   2.6509833e-01   4.8310380e-01   8.8133363e-01
   3.8821560e-01   2.1646717e-01   1.8118107e-01   2.2822632e-01   4.5778123e-01   4.3450139e-01   8.1263504e-01   1.6993411e-01   7.6198674e-02   7.7430214e-02   1.7274323e-01   1.6443864e-01   2.0774483e-01   8.6150956e-02   1.5680837e-01   1.5174790e-01   6.9812681e-01   1.2873090e-01   1.2908243e-01   5.6368229e-01   7.4167474e-01
   2.8349779e-01   4.3097146e-02   2.0287822e-02   1.7319552e-02   1.9031595e-01   1.6368760e-01   3.8070063e-01   2.1977233e-02   3.0543748e-01   1.1826793e-01   8.0861313e-01   8.8833957e-01   7.8853466e-01   7.1358581e-01   9.8784653e-01   1.6737230e-01   3.8365831e-01   1.9223910e-01   3.5460496e-01   2.5909417e-01   6.9671020e-01
   1.4702070e-01   1.4583529e-02   5.7008865e-02   2.6212526e-03   8.3547559e-02   3.7546620e-02   4.0744096e-02   8.2368497e-03   3.2547435e-01   6.8110670e-02   8.9913508e-01   3.7594710e-01   2.7285531e-01   8.7397442e-01   3.1637834e-01   3.6663738e-01   2.2663551e-01   5.4856303e-01   4.8903580e-01   1.6873512e-01   9.1114358e-01
   2.8340953e-01   4.0860146e-02   1.8617954e-02   1.5575633e-02   1.8449575e-01   1.5810543e-01   3.6925162e-01   2.0515296e-02   3.2544583e-01   1.2352265e-01   8.5026473e-01   8.3489146e-01   7.3733770e-01   7.6022944e-01   9.6337560e-01   1.7210204e-01   3.5392901e-01   1.9964665e-01   3.7328783e-01   2.2931785e-01   6.7472106e-01
   1.4702018e-01   1.4583430e-02   5.7008286e-02   2.6212441e-03   8.3547494e-02   3.7546650e-02   4.0744556e-02   8.2367750e-03   3.2546974e-01   6.8109495e-02   8.9914281e-01   3.7595402e-01   2.7286095e-01   8.7398399e-01   3.1638480e-01   3.6663355e-01   2.2663804e-01   5.4855733e-01   4.8903059e-01   1.6873806e-01   9.1114257e-01
   2.8708435e-01   5.4001542e-02   2.8733635e-02   2.6498816e-02   2.1628656e-01   1.8877966e-01   4.2960230e-01   2.9400317e-02   2.3906271e-01   1.0182418e-01   6.5742707e-01   9.0599967e-01   9.9004917e-01   5.4777495e-01   8.0353382e-01   1.5290431e-01   5.1042505e-01   1.6814697e-01   2.9153108e-01   3.9738532e-01   7.8652242e-01
   1.4702351e-01   1.4583937e-02   5.7011084e-02   2.6212689e-03   8.3547585e-02   3.7546361e-02   4.0742045e-02   8.2371786e-03   3.2549656e-01   6.8116349e-02   8.9909800e-01   3.7591452e-01   2.7282887e-01   8.7392917e-01   3.1634824e-01   3.6665565e-01   2.2662214e-01   5.4859005e-01   4.8906146e-01   1.6872144e-01   9.1115171e-01
