   7.9636580e-03   2.2557499e-03   9.0626248e-02   1.0252454e-02   3.1392497e-02   1.8430389e-02   1.6474437e-02   1.9555028e-03   2.8275932e-01   1.1418433e-01   7.8063499e-01   5.5444186e-01   3.7189040e-01   9.9365163e-01   6.8004438e-01   3.1484983e-01   6.3142316e-01   3.0703594e-01   2.5807977e-01   5.5891689e-01   2.7670182e-01
   1.1875416e-01   1.6658497e-05   7.2712184e-05   1.9354891e-03   8.0122598e-05   4.2165428e-05   5.7640775e-02   8.6117794e-05   7.1779872e-01   2.6127090e-01   5.3697945e-01   1.6583841e-01   1.1837220e-01   4.5547721e-01   3.8046166e-01   5.9527591e-01   5.8238882e-02   4.8544387e-01   7.9514578e-01   2.0103882e-01   7.8006117e-01
   1.1106601e-01   9.2580756e-02   3.4279323e-01   3.1137772e-01   2.9903418e-01   2.3028202e-01   3.1640973e-01   1.3120370e-01   1.6308493e-01   8.8289825e-02   5.0498022e-01   6.2256758e-01   7.1627933e-01   3.5051481e-01   3.7688891e-01   5.3192265e-01   9.9023529e-01   4.1271364e-01   2.9944187e-01   9.6471167e-01   2.6484838e-02
   1.1371647e-01   3.6691278e-02   1.2145872e-01   8.5081522e-02   1.4432290e-01   1.1597733e-01   1.2933787e-01   4.0310208e-02   7.9657049e-01   4.7943060e-01   7.2402950e-01   5.2828832e-01   4.9076999e-01   7.7548342e-01   9.4346460e-01   7.3538965e-01   5.1449363e-01   6.0151235e-01   7.8035776e-01   4.1613946e-01   5.6518726e-01
   1.0468171e-01   1.0316589e-02   5.5748975e-02   7.4215537e-02   4.0326338e-02   2.4440570e-02   7.9627734e-02   1.8926942e-02   8.5377394e-01   3.6938637e-01   4.5422628e-01   2.0882384e-01   1.7876708e-01   4.7280234e-01   5.5709287e-01   8.6639392e-01   2.2589043e-01   7.0788745e-01   8.5205612e-01   3.4432219e-01   3.2047472e-01
   1.5792605e-01   1.6208846e-01   5.0887422e-01   3.6159455e-01   3.9521746e-01   3.1076676e-01   1.5119216e-01   1.8255265e-01   8.5706594e-01   7.2225794e-01   4.2822907e-01   2.2762515e-01   2.0886952e-01   3.9286773e-01   4.9129005e-01   7.9138043e-01   4.9978645e-01   6.1518546e-01   8.2057472e-01   3.7710391e-01   2.5096338e-01
   2.5082073e-01   5.2231224e-03   7.7662277e-03   4.6833013e-02   8.5149767e-03   4.5676608e-03   2.3071397e-01   1.0726081e-02   8.1530696e-01   3.6826566e-01   5.3643798e-01   1.9382417e-01   1.4747110e-01   4.5336342e-01   5.2012821e-01   7.9617375e-01   1.1411856e-01   9.2315740e-01   8.9206702e-01   2.4059112e-01   1.5588823e-01
   3.0293841e-01   1.9336290e-04   1.6723941e-05   9.4577258e-03   7.4948800e-05   1.5055138e-04   1.4564395e-01   5.5454930e-04   8.4861255e-01   6.5634669e-01   3.7377549e-01   6.5893613e-02   4.1374463e-02   1.9024447e-01   1.2398582e-01   5.2199505e-01   4.4303179e-02   4.2426427e-01   9.2648992e-01   1.9040132e-01   6.9515486e-01
   6.4550435e-02   4.0163834e-04   7.0368795e-03   2.1109754e-02   3.1291386e-03   1.5196565e-03   6.4205006e-02   1.3559010e-03   4.9394694e-01   1.7268652e-01   7.9419701e-01   2.8115787e-01   1.9048389e-01   6.6159516e-01   4.4557127e-01   6.3567486e-01   2.0328793e-01   5.3292658e-01   5.7174957e-01   3.1767666e-01   2.4881542e-01
   3.5071148e-01   3.4260648e-04   4.4423932e-06   5.1516092e-03   1.4195699e-03   7.3197456e-04   9.6936792e-02   8.8374913e-04   9.6308058e-01   3.1259809e-01   2.5054251e-01   9.9232852e-02   9.3649799e-02   3.2721304e-01   3.0276422e-01   3.7343462e-01   2.0129422e-02   2.6957415e-01   8.0533794e-01   1.2574991e-01   8.6521097e-01
   7.8554369e-02   2.1579842e-03   2.4324732e-02   4.1959039e-03   4.4193051e-02   2.7734376e-02   2.1990609e-01   1.3809023e-03   3.7336420e-01   6.6116388e-02   7.3746640e-01   6.2677463e-01   6.2608643e-01   8.7129949e-01   8.0456880e-01   2.8580906e-01   7.7275367e-02   1.9871122e-01   5.6973659e-01   1.7556647e-01   5.6574223e-01
   7.7100043e-01   4.2052129e-02   7.0285722e-03   3.9050630e-01   7.4606456e-03   1.9195770e-02   8.5577959e-01   1.0509282e-01   6.1635552e-01   8.3730905e-01   4.4799838e-01   2.3862245e-01   2.1797439e-01   3.0745820e-01   6.7823988e-01   7.8920131e-01   1.3547084e-01   8.8118593e-01   6.3706783e-01   4.3823628e-01   6.3182858e-01
   3.0597962e-01   8.5846871e-03   6.5926174e-03   1.0639722e-01   1.3450642e-02   1.2444056e-02   4.4563242e-01   2.0536366e-02   9.6700062e-01   4.9647048e-01   4.3966317e-01   2.3354613e-01   2.1306608e-01   4.6146076e-01   7.6654149e-01   8.9777801e-01   9.8695362e-02   8.9306835e-01   8.1625640e-01   3.5570476e-01   2.1974993e-01
   7.1270889e-01   8.4679423e-02   3.0517187e-02   6.0996424e-01   1.9894472e-02   4.0755299e-02   8.8439244e-01   2.1943826e-01   8.2714615e-01   7.6434943e-01   9.8919128e-01   7.3638915e-01   6.4714758e-01   8.5913054e-01   7.5833631e-01   7.6487457e-01   4.9703361e-01   9.7974625e-01   9.2698150e-01   9.1807128e-01   1.1828188e-01
   4.4856520e-01   2.3053889e-02   1.2798102e-02   2.4206313e-01   1.1460274e-02   1.0705282e-02   4.5384401e-01   6.0494434e-02   9.8296806e-01   6.5361879e-01   5.4265917e-01   2.0912641e-01   1.6156979e-01   3.8862689e-01   5.9145441e-01   5.4941671e-01   1.8755960e-01   7.5186067e-01   7.5198652e-01   4.0216866e-01   1.2581894e-01
   3.7895184e-01   3.7683754e-02   8.4594009e-02   6.2059862e-02   1.9774199e-02   7.3982462e-03   6.8874868e-02   5.9294667e-02   5.9391616e-01   3.3363534e-01   9.4145051e-01   3.0769314e-01   1.9141322e-01   6.0814046e-01   2.9649296e-01   6.1337354e-01   3.6861732e-01   5.8405515e-01   9.5547582e-01   3.1241342e-01   2.2520424e-01
   5.4360866e-01   1.1811095e-01   1.6519906e-01   3.0561779e-01   6.8279608e-02   3.8888881e-02   3.3654344e-01   1.8589370e-01   6.7045082e-01   4.5490782e-01   9.7607867e-01   2.9622333e-01   1.7436019e-01   5.4853071e-01   2.3027562e-01   5.0716061e-01   3.7009607e-01   4.7775379e-01   9.8007954e-01   3.3558084e-01   1.0733631e-01
   6.3113802e-01   1.2119099e-01   1.5142655e-01   2.9522068e-01   4.8211921e-02   2.6619918e-02   3.1800229e-01   1.9545931e-01   7.4853356e-01   5.5512442e-01   9.5339695e-01   2.8660907e-01   1.6904167e-01   5.0490143e-01   2.0474682e-01   4.1337577e-01   3.6272021e-01   3.8237308e-01   8.7898325e-01   3.4224728e-01   1.8281473e-01
   1.3477254e-01   5.0064880e-03   6.1634016e-02   2.8184331e-03   6.0537417e-03   1.3000549e-03   8.1373650e-03   5.9249725e-03   3.2985889e-01   1.1804819e-01   9.1497508e-01   4.1845032e-01   2.7167081e-01   8.6445389e-01   3.2585032e-01   7.7058471e-01   3.1845961e-01   8.9492713e-01   5.7943405e-01   3.5047590e-01   6.1546864e-01
   9.2714616e-01   4.5316687e-01   1.7156158e-01   8.6961628e-01   2.8069431e-01   3.7816392e-01   6.6917371e-01   4.8335238e-01   3.3626181e-01   2.0904355e-01   7.0674504e-01   4.3234910e-01   3.7886581e-01   2.9697862e-01   5.2275868e-01   7.1337936e-01   6.9279343e-01   8.5345649e-01   5.6475681e-01   4.0407481e-01   6.2933593e-01
   9.7734585e-01   4.2215842e-01   1.6191274e-01   8.3777802e-01   2.6715390e-01   3.5970798e-01   7.0737130e-01   4.4770501e-01   3.8008954e-01   2.3994387e-01   7.5943017e-01   4.5907797e-01   3.9557873e-01   3.2699424e-01   5.2575429e-01   7.9002926e-01   7.2844194e-01   9.3027386e-01   6.4090831e-01   4.3284060e-01   6.5011188e-01
   2.2252033e-01   5.4116378e-02   1.1747897e-01   1.3506802e-01   2.0315158e-01   1.5748242e-01   3.2321321e-01   7.0787273e-02   5.5146182e-01   1.5588304e-01   5.8676576e-01   7.1370996e-01   7.9047547e-01   8.8771465e-01   5.5650093e-01   7.5006158e-01   2.6802152e-01   5.6601720e-01   8.1696176e-01   7.0043289e-01   5.0975907e-01
   8.4135941e-02   6.6157394e-02   3.5077031e-01   7.2069843e-02   2.8509440e-01   1.9726414e-01   3.7020568e-02   7.4381762e-02   2.7915950e-01   5.2364563e-02   9.0014003e-01   8.6312183e-01   8.6223685e-01   6.5695290e-01   7.6464794e-01   3.9411251e-01   5.7524557e-01   3.2871162e-01   3.6537152e-01   8.9402895e-01   9.3307771e-01
   1.5358375e-01   3.1476461e-01   7.4559154e-01   6.9167079e-01   5.0336392e-01   4.5625687e-01   1.6137256e-01   2.8347024e-01   3.0666340e-01   3.6734840e-01   3.1674338e-01   9.8161528e-01   6.8252553e-01   7.8919415e-01   2.7175596e-01   2.6620707e-02   2.9887611e-01   2.7478426e-02   1.5084378e-02   3.6818901e-01   8.4066254e-01
   3.6679997e-01   5.9147704e-01   8.8379094e-01   9.1507999e-01   7.8419857e-01   7.4377776e-01   2.7828723e-01   6.0915285e-01   7.3555340e-01   7.8117278e-01   7.4168899e-01   6.8166061e-01   5.0352134e-01   8.0733081e-01   1.8568517e-01   1.2269850e-01   4.1181319e-01   1.4761091e-01   1.1833900e-01   5.1977933e-01   8.3627505e-01
   1.9964739e-01   4.5476424e-03   2.6567501e-02   3.3034159e-03   6.6870619e-03   1.6453191e-03   3.1986426e-02   4.9614669e-03   5.2001110e-01   1.8787444e-01   8.0499492e-01   2.4683706e-01   1.5791109e-01   6.0746295e-01   2.5057868e-01   9.6810915e-01   1.5847594e-01   9.2795170e-01   8.5338128e-01   1.8583334e-01   5.5451244e-01
   3.7257952e-01   5.9917847e-01   8.9035596e-01   9.0521428e-01   7.9005479e-01   7.4994849e-01   2.8115242e-01   6.1815369e-01   7.4857895e-01   7.9363823e-01   7.5308343e-01   6.7250647e-01   4.9681531e-01   7.9548153e-01   1.8264197e-01   1.2695957e-01   4.1480663e-01   1.5243396e-01   1.2286388e-01   5.2411607e-01   8.4197638e-01
   1.9964786e-01   4.5476566e-03   2.6567503e-02   3.3034372e-03   6.6870522e-03   1.6453176e-03   3.1986531e-02   4.9614975e-03   5.2001287e-01   1.8787550e-01   8.0499349e-01   2.4683606e-01   1.5791034e-01   6.0746097e-01   2.5057801e-01   9.6811181e-01   1.5847534e-01   9.2794895e-01   8.5338391e-01   1.8583305e-01   5.5450942e-01
   3.3942997e-01   5.5476320e-01   8.5105590e-01   9.6225721e-01   7.5710222e-01   7.1527575e-01   2.6635594e-01   5.6613134e-01   6.6853324e-01   7.1795175e-01   6.8204904e-01   7.3417086e-01   5.4346305e-01   8.7288809e-01   2.0523784e-01   1.0282362e-01   3.9335271e-01   1.2497667e-01   9.7086728e-02   4.9620432e-01   8.1595553e-01
   1.9963981e-01   4.5473140e-03   2.6566830e-02   3.3032441e-03   6.6868089e-03   1.6452328e-03   3.1985266e-02   4.9610720e-03   5.1999604e-01   1.8786720e-01   8.0501166e-01   2.4684281e-01   1.5791389e-01   6.0747502e-01   2.5057959e-01   9.6808538e-01   1.5848057e-01   9.2797451e-01   8.5335671e-01   1.8583893e-01   5.5451318e-01
