   3.0867461e-01   2.2780919e-01   7.3272403e-04   7.7664280e-01   1.5820069e-01   1.8534512e-01   5.0424884e-01   4.1993148e-01   1.5662828e-01   6.7523595e-01   1.2420578e-02   4.8000337e-02   1.1581388e-01   8.4231572e-02   5.6974553e-01   4.5980736e-01   2.3756066e-03   8.6543683e-01   1.5825530e-01   2.0957904e-01   6.9120707e-01
   6.6845121e-01   4.6040916e-02   3.1939780e-04   5.8601510e-02   1.2802894e-02   1.6616798e-02   7.9244680e-01   6.1663034e-02   5.2452881e-01   9.9247097e-01   2.1191398e-01   9.8794260e-02   1.0519468e-01   1.8703318e-01   2.0412500e-01   8.8367783e-01   1.1546085e-02   9.0257278e-01   3.8056941e-01   1.8381854e-01   3.3362020e-01
   1.4287504e-01   5.7849761e-01   8.5499080e-01   9.9560887e-01   9.5262988e-01   9.9098098e-01   2.9523219e-01   5.3576810e-01   3.1134603e-01   3.9023818e-01   3.5489302e-01   6.4910376e-01   8.2835721e-01   5.1809490e-01   9.0815980e-01   3.5612010e-02   1.6798705e-01   3.9702743e-02   2.9607888e-02   4.0826152e-01   4.5047590e-01
   4.5468432e-01   2.9685408e-01   2.0380285e-02   7.9178045e-01   1.6094898e-01   1.7639390e-01   5.4523117e-01   4.2040868e-01   6.8968534e-01   8.5343963e-01   3.0584271e-01   2.6338321e-01   3.0280624e-01   3.9957411e-01   4.2818934e-01   9.9862705e-01   6.7539376e-02   8.1130630e-01   7.3265232e-01   9.7345274e-01   8.3583954e-01
   3.4219882e-01   4.9892607e-01   1.0354039e-01   5.1741692e-01   1.5301913e-01   2.0138996e-01   7.5444605e-01   6.7909421e-01   7.4970483e-01   8.9666175e-01   6.1376777e-01   7.5522670e-01   8.3928641e-01   7.6662836e-01   9.1059906e-01   2.0858900e-01   2.1330599e-01   2.2327983e-01   2.0072309e-01   6.7524645e-01   4.9770865e-01
   4.6155861e-01   4.1270225e-01   7.8003204e-02   4.5024504e-01   1.7938294e-01   2.1772901e-01   7.2844899e-01   5.4540400e-01   9.3249184e-01   8.6692161e-01   6.9293185e-01   8.5728704e-01   9.4100904e-01   9.2534732e-01   7.9769663e-01   3.3825126e-01   2.1610535e-01   3.6719017e-01   3.2045839e-01   7.4529492e-01   5.3814261e-01
   3.2287381e-01   6.9609932e-01   9.7998299e-01   2.5816557e-01   7.1145689e-01   8.6902527e-01   3.2468233e-01   5.2323968e-01   1.0108999e-01   7.2596541e-02   2.7905765e-01   3.5976343e-01   4.4608259e-01   1.8737584e-01   5.8490274e-01   2.6795139e-01   4.8971526e-01   4.6944944e-01   2.0200538e-01   8.7535817e-01   8.5818642e-01
   5.3105628e-01   1.0006688e-02   4.2088221e-04   3.5602972e-02   3.0941990e-02   2.9887964e-02   3.9344785e-01   7.5710585e-03   9.0425348e-01   5.3370874e-01   3.4691357e-01   9.8306200e-02   7.9035936e-02   2.6699039e-01   1.0496389e-01   1.3121525e-01   6.7608576e-02   1.2667556e-01   6.0808008e-01   2.4923466e-01   5.0692215e-01
   2.2011274e-01   7.9406417e-01   1.9095895e-01   4.2403710e-01   4.5580345e-01   5.0096988e-01   4.9055318e-01   8.0696669e-01   3.7379756e-01   5.9596574e-01   2.8173888e-01   4.2370095e-01   5.4919082e-01   4.1005371e-01   8.1567560e-01   1.7060077e-01   6.1562652e-02   1.6767372e-01   6.7908613e-02   1.9963668e-01   3.2886877e-01
   2.9923966e-01   7.0700652e-03   9.4119592e-04   3.5116799e-02   3.9325697e-02   3.6801621e-02   2.8019982e-01   5.2043593e-03   9.1571481e-01   3.9180498e-01   4.4158673e-01   1.0816017e-01   7.5905141e-02   3.1863174e-01   1.1050658e-01   7.7577761e-02   1.1389170e-01   7.8365223e-02   4.0509135e-01   2.6055938e-01   5.6150762e-01
   5.6852848e-01   1.6594768e-01   3.5839651e-01   2.4208524e-02   2.4412624e-01   2.2009475e-01   5.9625873e-01   1.0151763e-01   9.3067753e-01   6.0336329e-01   4.1381924e-01   4.7197828e-01   5.4882467e-01   6.7663480e-01   8.1466234e-01   7.3591407e-01   6.7187232e-02   5.3409595e-01   3.3436892e-01   6.1821302e-02   3.1906207e-01
   5.0723551e-01   8.5259100e-01   6.1108300e-01   6.1621830e-01   3.3636856e-01   4.6554853e-01   7.5747003e-01   9.1835241e-01   9.1601486e-02   1.1673556e-01   1.6094000e-01   1.1017751e-01   1.3245195e-01   6.7500275e-02   2.3104049e-01   3.4071912e-01   2.2890673e-01   5.3797899e-01   2.0942805e-01   5.8969109e-01   8.0532609e-01
   3.6741564e-01   6.7293172e-01   9.6266007e-01   2.4522442e-01   9.5264134e-01   9.1387682e-01   2.8265085e-01   5.3624291e-01   7.0730645e-02   8.5045592e-02   1.3996503e-01   2.1906360e-01   3.1223388e-01   1.1790118e-01   4.5262184e-01   3.6781915e-01   3.1936906e-01   5.9604269e-01   1.9940177e-01   8.6817117e-01   9.4152966e-01
   4.2785580e-01   9.3682404e-01   8.5699980e-01   4.4556619e-01   3.8843201e-01   5.3951627e-01   7.7363456e-01   6.5380182e-01   1.3600108e-01   1.1503123e-01   2.8798451e-01   2.3611046e-01   2.6326071e-01   1.3871657e-01   3.5373652e-01   2.3760032e-01   4.4756022e-01   3.5514664e-01   2.0366189e-01   9.5388577e-01   9.2455373e-01
   5.5801133e-01   9.1937693e-01   6.4337228e-01   3.4003281e-01   4.8420415e-01   6.1620773e-01   4.6396181e-01   8.1409431e-01   1.7997962e-01   2.0040637e-01   2.5699110e-01   2.9215670e-01   3.5707938e-01   2.0229140e-01   5.8279459e-01   4.6992859e-01   3.6292085e-01   7.9220652e-01   3.7542411e-01   9.1990774e-01   8.5708730e-01
   4.8047547e-01   7.9323365e-01   9.0236667e-01   1.5275107e-01   5.9763773e-01   7.1206330e-01   5.4069108e-01   5.2959288e-01   2.6338841e-01   1.4117844e-01   6.1217827e-01   5.7652881e-01   5.9280432e-01   3.5788489e-01   6.6770669e-01   3.6664293e-01   9.1107879e-01   6.3085883e-01   5.5917063e-01   3.6487386e-01   5.9926596e-01
   7.4035166e-02   3.9241187e-01   9.7392645e-01   1.1453402e-01   7.2500526e-01   8.6161165e-01   1.4258750e-01   2.2816037e-01   9.4921285e-02   2.5588434e-02   4.7467079e-01   6.9329701e-01   8.1448408e-01   3.1975958e-01   9.6237480e-01   2.8921239e-02   8.1438647e-01   8.9244736e-02   7.3055304e-02   5.7357245e-01   6.7568177e-01
   4.7667438e-02   3.5317409e-01   9.7136532e-01   1.1384625e-01   7.5711593e-01   8.7298272e-01   1.1063054e-01   2.0640405e-01   7.3580144e-02   1.8532645e-02   4.2434625e-01   6.3030903e-01   7.5487301e-01   2.7110281e-01   9.0355541e-01   1.4155975e-02   7.4090099e-01   5.1343022e-02   4.5732806e-02   6.8673807e-01   6.8736299e-01
   2.7944512e-01   3.0965808e-01   4.6338092e-01   8.2015858e-02   8.5158008e-01   6.9749967e-01   1.3830019e-01   2.1089662e-01   2.9048048e-01   9.2791415e-02   8.7831263e-01   7.8364852e-01   6.8177762e-01   7.7162777e-01   5.5409619e-01   1.4563883e-01   7.4732568e-01   3.1276553e-01   2.8920570e-01   3.8050335e-01   5.7918002e-01
   5.3088990e-01   6.9669358e-01   8.5129382e-01   5.3718528e-01   9.0073575e-01   9.9500870e-01   7.8895529e-01   6.3769982e-01   3.5073637e-02   2.8792958e-02   1.4712513e-01   5.4039890e-02   5.6018073e-02   2.0383744e-02   5.5345251e-02   2.1247389e-01   4.3815105e-01   2.2592071e-01   1.2560649e-01   2.3505659e-01   8.8582496e-01
   5.8127371e-01   7.9049222e-01   9.5975373e-01   5.9758753e-01   8.1386237e-01   9.1150386e-01   8.1070862e-01   7.3646866e-01   4.0951665e-02   3.1875616e-02   1.6963873e-01   5.6188923e-02   5.4680227e-02   2.1982466e-02   5.3473653e-02   2.5526298e-01   4.4788045e-01   2.7594332e-01   1.5392196e-01   2.3307901e-01   8.9860362e-01
   5.6701453e-01   6.0849408e-01   1.6106873e-01   7.5574075e-01   4.2400439e-01   3.9063896e-01   7.9419312e-01   7.1095218e-01   3.6630098e-01   7.3867431e-01   1.8425835e-01   1.7517587e-02   1.1023245e-02   4.5939615e-02   5.1169438e-03   5.7662401e-01   1.0560487e-01   4.6443737e-01   4.8530056e-01   2.3178864e-01   4.9071610e-01
   1.7782844e-01   8.1280611e-01   1.5166426e-01   5.1113315e-01   3.4891311e-01   4.1077974e-01   3.2450990e-01   9.6333290e-01   5.1453834e-02   1.4430473e-01   4.2285727e-02   1.4371019e-02   2.0461530e-02   1.2347195e-02   3.1112095e-02   2.9807207e-01   3.9259625e-02   4.2017296e-01   1.4358305e-01   5.6566765e-01   9.2293709e-01
   2.0668585e-01   1.4581431e-01   1.9712803e-01   2.2979441e-01   3.7344643e-01   3.4125849e-01   4.9350348e-01   1.0880843e-01   5.1240481e-02   5.8197349e-02   1.1673141e-01   2.2820570e-01   3.4136669e-01   1.1031696e-01   4.0119889e-01   3.8249312e-02   4.8340154e-01   3.1317212e-02   2.5897262e-02   4.1040016e-01   8.2603713e-01
   1.3273909e-01   3.7138264e-02   4.2242308e-02   5.9386439e-02   1.9793310e-01   1.6331380e-01   1.4826761e-01   2.1796053e-02   2.7699347e-01   1.3268550e-01   6.8099931e-01   7.0840568e-01   5.1943115e-01   8.7253138e-01   4.2823606e-01   2.5326319e-02   8.1932575e-01   3.6344364e-02   7.1570973e-02   5.8538731e-01   6.4519139e-01
   2.5775570e-01   2.6084188e-01   3.8781332e-01   6.3095607e-02   9.0437190e-01   7.4556784e-01   2.3972915e-01   1.4793349e-01   2.8548478e-01   7.4278287e-02   9.4528508e-01   8.0615692e-01   7.3693075e-01   7.3175820e-01   6.3761966e-01   8.1057146e-02   5.8810485e-01   1.9560956e-01   2.6899381e-01   3.4353717e-01   5.9549326e-01
   1.3280949e-01   3.6432766e-02   4.1320340e-02   5.8517166e-02   1.9556173e-01   1.6095897e-01   1.4132009e-01   2.1385672e-02   2.9842272e-01   1.4155865e-01   7.1953774e-01   6.5682564e-01   4.7402976e-01   9.2506999e-01   3.8553610e-01   2.6120503e-02   7.9240437e-01   3.8043070e-02   7.6338278e-02   5.5137281e-01   6.2982725e-01
   2.5775369e-01   2.6083784e-01   3.8780694e-01   6.3094831e-02   9.0436458e-01   7.4556138e-01   2.3973063e-01   1.4793071e-01   2.8547617e-01   7.4275756e-02   9.4526939e-01   8.0617489e-01   7.3694765e-01   7.3174074e-01   6.3763700e-01   8.1055167e-02   5.8811264e-01   1.9560426e-01   2.6898675e-01   3.4354618e-01   5.9549448e-01
   1.3617294e-01   4.1978135e-02   4.8010714e-02   6.5464772e-02   2.1167527e-01   1.7685954e-01   1.8315461e-01   2.4885244e-02   2.0406578e-01   1.0372516e-01   5.3705050e-01   9.2850542e-01   7.2396277e-01   6.6917950e-01   6.2805261e-01   2.3717678e-02   9.3003117e-01   3.1715801e-02   5.6924944e-02   7.3284009e-01   7.1416401e-01
   2.5777428e-01   2.6086613e-01   3.8784437e-01   6.3099578e-02   9.0441138e-01   7.4560330e-01   2.3972616e-01   1.4795016e-01   2.8553300e-01   7.4292292e-02   9.4537378e-01   8.0606885e-01   7.3685260e-01   7.3184587e-01   6.3754292e-01   8.1071021e-02   5.8805782e-01   1.9564177e-01   2.6903864e-01   3.4348750e-01   5.9546576e-01
