   2.9986712e-01   6.8359815e-02   4.9082042e-02   3.0997880e-01   2.7013547e-01   2.5666157e-01   7.7014380e-01   7.4320632e-02   7.5453449e-01   6.8193922e-01   2.5734629e-01   1.7955281e-01   1.9811190e-01   3.4629864e-01   6.3047760e-01   6.6517796e-01   1.3026958e-01   4.5480849e-01   9.9051501e-01   3.4908964e-01   6.0701285e-01
   1.6738866e-02   2.1372080e-03   2.1863041e-02   2.4178420e-02   4.6195957e-02   4.0634453e-02   1.3290221e-01   2.3650088e-03   3.0006474e-01   9.3412256e-02   9.4474256e-01   4.8529635e-01   3.4357648e-01   9.6022558e-01   7.7003521e-01   3.3319372e-01   3.7622256e-01   3.2505011e-01   3.5263745e-01   1.4023546e-01   5.1686909e-01
   5.2423175e-01   4.1229623e-01   6.0353551e-02   8.4724509e-01   1.9824438e-01   2.2552378e-01   6.2928430e-01   5.9326315e-01   7.4618092e-01   9.7377563e-01   4.9994898e-01   3.7093702e-01   3.7543393e-01   4.7513644e-01   4.7563772e-01   9.6047148e-01   2.5548682e-01   7.6066525e-01   9.6934651e-01   6.9370144e-01   8.9217285e-01
   3.9370865e-01   1.3700679e-01   8.6222401e-02   5.3312910e-01   1.4760699e-01   1.6761518e-01   4.4230918e-01   2.4316303e-01   8.4015150e-01   8.9105245e-01   5.6294665e-01   1.9899780e-01   1.4521848e-01   3.2363297e-01   3.5914687e-01   9.8115261e-01   3.9792550e-01   9.0765352e-01   9.9110667e-01   8.6419540e-01   8.7598927e-01
   5.8429751e-01   6.8750795e-01   9.8331029e-01   4.7051727e-01   7.4782880e-01   7.3874431e-01   3.2679258e-01   5.4018795e-01   5.6503199e-01   8.3317111e-01   3.7415789e-01   5.1282645e-01   6.2585934e-01   5.5023781e-01   7.4528865e-01   6.5099071e-01   2.0718871e-01   7.7499625e-01   5.0407142e-01   4.7214542e-01   1.6766160e-01
   2.1534541e-01   2.6288724e-01   7.3314534e-01   2.0845195e-01   2.2520082e-01   1.9645273e-01   4.4291805e-02   2.3045532e-01   3.5685945e-01   5.0204880e-01   3.2678474e-01   5.2417371e-01   6.6711386e-01   4.6332839e-01   4.8602487e-01   8.3451519e-01   1.9408447e-01   7.8304706e-01   3.7271091e-01   7.6296909e-01   3.6138547e-01
   1.3073253e-01   2.6356571e-02   3.7554804e-02   1.4618344e-01   2.1052437e-01   1.8916810e-01   5.3994429e-01   2.6019420e-02   8.3434357e-01   3.2174135e-01   4.3789059e-01   2.8656190e-01   2.8243220e-01   5.8894343e-01   7.8119541e-01   4.3271113e-01   1.5566006e-01   3.0336805e-01   7.0415691e-01   2.2211242e-01   5.6229107e-01
   7.4816316e-01   9.4290664e-01   4.9444502e-01   6.5114897e-01   5.1547669e-01   5.6484254e-01   1.8137665e-01   8.7985881e-01   2.1904298e-01   6.6159258e-01   5.0974422e-02   2.1811028e-01   4.0567916e-01   2.5380732e-01   8.5435056e-01   8.4352919e-01   8.7497054e-02   5.1340952e-01   5.0708825e-01   6.9887869e-01   7.5355203e-01
   1.2349646e-01   1.9788988e-02   2.8895611e-02   1.0562160e-01   1.8169165e-01   1.6108238e-01   5.0572691e-01   1.8649150e-02   7.8778312e-01   2.8188520e-01   4.5009653e-01   3.0176012e-01   2.9847725e-01   6.2514649e-01   8.2318967e-01   4.2966940e-01   1.4057679e-01   3.0920955e-01   7.1187561e-01   1.8007269e-01   5.9662995e-01
   2.2608838e-01   4.0656942e-01   9.5568309e-01   1.8032345e-01   1.6122682e-01   1.9664218e-01   2.0245407e-02   4.5899966e-01   8.2720057e-02   3.3636461e-01   2.1276263e-02   2.2295363e-01   4.8820585e-01   1.9103910e-01   7.5965766e-01   9.0789069e-01   8.2444794e-02   7.3507804e-01   2.8323354e-01   9.5604169e-01   9.9960494e-01
