   5.5923508e-09   3.0386475e-08   1.4750429e-02   1.3179350e-03   1.7264148e-01   7.9534818e-02   1.2394481e-02   2.0336884e-04   4.8451900e-09   3.3915389e-07   4.0559089e-02   1.0385988e-04   5.9379127e-04   3.1060284e-07   4.2214875e-01   1.0215287e-04   2.5497587e-01   1.5297217e-02   4.9346080e-05   4.2968132e-01   8.6918863e-01
   8.4911244e-03   1.4473214e-02   3.2221518e-02   5.3573189e-02   9.5850816e-01   6.4521622e-01   2.1005009e-01   7.4634492e-03   8.9285874e-03   7.4140355e-03   3.5134860e-01   3.6054791e-02   2.8957091e-02   1.1223492e-02   6.2818793e-01   2.2100832e-03   4.4790520e-01   2.8233153e-03   1.1097108e-03   4.3944862e-01   2.5617922e-01
   3.6969083e-02   5.4341704e-02   2.8399528e-02   4.0033485e-01   6.8205986e-01   9.5339201e-01   5.3095287e-01   1.0740778e-01   3.8481254e-02   9.4652264e-03   9.9337272e-01   8.1643925e-02   1.1889379e-02   2.0775541e-02   7.0596650e-01   2.4079848e-03   8.9078550e-01   6.7536699e-04   2.3195681e-03   7.7554215e-02   4.6642415e-01
   2.4474378e-05   7.6674145e-05   8.8284932e-03   1.6698634e-02   6.5253897e-01   4.2225277e-01   1.3255676e-01   1.5094369e-03   3.1092604e-05   4.2154059e-05   1.3984195e-01   7.1741195e-04   7.9489967e-04   2.2353121e-05   7.2099758e-01   1.3205177e-04   3.8490111e-01   1.5301691e-03   7.3504628e-06   9.5544199e-01   6.0939585e-01
   1.4432192e-02   2.0094400e-02   8.7862951e-02   1.9350046e-01   7.8849406e-01   5.6710426e-01   2.8494377e-01   4.7239399e-02   1.5743506e-02   2.5219309e-03   9.5078558e-01   5.4389696e-02   8.5478323e-03   7.6096981e-03   8.8594632e-01   1.5541756e-04   8.2007179e-01   4.1507328e-04   1.9120396e-03   2.8061139e-01   6.1477414e-01
   2.3651974e-02   2.9752613e-02   1.4732572e-01   4.1312330e-01   7.0736821e-01   6.0873513e-01   4.1738265e-01   1.5134511e-01   2.7216626e-02   4.3229096e-03   9.0946779e-01   5.3262559e-02   5.6195691e-03   9.0238951e-03   6.9784098e-01   7.8836780e-04   9.9762098e-01   2.6528226e-03   8.0495592e-03   4.1854891e-01   8.5397141e-01
   1.2101181e-02   2.0701545e-02   9.9327087e-02   1.1655284e-01   8.9562876e-01   8.9778266e-01   3.8935829e-01   2.8521114e-02   1.4113445e-02   3.0811547e-02   1.3704164e-01   7.3050210e-03   1.9581515e-02   7.7843967e-03   9.8281673e-01   1.2182492e-02   2.9998621e-01   2.1832730e-02   2.4231566e-03   8.6376595e-01   1.6103630e-01
   8.6319888e-03   1.6082862e-02   6.8285876e-02   8.6286299e-03   7.0125065e-01   4.9699559e-01   1.0417155e-01   3.4547109e-03   8.9556427e-03   4.3968174e-02   4.1654679e-02   2.3850134e-02   1.4757760e-01   2.0807627e-02   2.2920994e-01   8.5616717e-02   1.9812507e-01   2.5116037e-01   2.7430192e-02   1.7627492e-01   2.7566732e-01
   7.0010434e-03   1.1186806e-02   3.2860392e-02   1.5486156e-01   9.8003039e-01   6.7080145e-01   2.5854415e-01   2.7395483e-02   7.4626279e-03   1.5420539e-03   7.2885708e-01   2.9172629e-02   4.8986264e-03   3.8803635e-03   9.0119204e-01   1.7694902e-04   7.9786700e-01   2.0903984e-04   5.2849303e-04   2.2989365e-01   5.6777558e-01
   4.6235255e-02   5.9385405e-02   3.2457069e-01   9.0529857e-03   6.1303219e-01   6.1799693e-01   4.6706125e-01   1.9866806e-02   4.3558741e-02   3.2431642e-01   2.1594976e-03   4.7568528e-02   6.6102513e-01   8.4182420e-02   2.0903571e-01   4.0570804e-01   1.7161176e-01   8.1186879e-01   2.1721205e-01   2.8487002e-01   7.4389755e-02
   1.9885963e-01   2.5977255e-01   1.4137084e-02   8.1348235e-01   4.5193683e-01   6.8411356e-01   7.7140849e-01   4.1485102e-01   1.9638181e-01   9.7773343e-02   9.1367861e-01   4.7145590e-01   2.0400837e-01   2.7610643e-01   6.0825162e-01   1.5540246e-01   7.4727623e-01   9.3671231e-02   7.5529842e-02   2.6133833e-01   4.8835245e-01
   3.6263338e-02   6.9775092e-02   1.0186798e-01   3.6746959e-01   8.9465084e-01   7.8822217e-01   9.5000770e-01   1.6113994e-01   4.6972671e-02   8.8017511e-02   1.8800466e-01   1.0667571e-02   2.2036347e-02   2.0938833e-02   8.2092094e-01   1.0726455e-01   1.1992233e-01   1.8823609e-01   2.6892264e-02   9.1315893e-01   4.3014903e-01
   1.7505862e-02   3.2139394e-02   5.6091999e-02   1.1717646e-01   9.6844179e-01   8.8695597e-01   4.5400670e-01   2.4500506e-02   2.0291830e-02   1.7348387e-02   3.9985214e-01   2.9671548e-02   2.2269664e-02   1.3662008e-02   9.5202137e-01   5.2006848e-03   3.2253034e-01   9.0880424e-03   1.9882311e-03   5.2251214e-01   1.7289991e-01
   9.4852740e-02   1.3716090e-01   1.8507516e-01   6.2390321e-01   8.9472535e-01   6.6639410e-01   9.0958358e-01   3.3094902e-01   1.1458466e-01   1.9600978e-01   2.2438727e-01   2.8649700e-02   5.4585983e-02   5.8076064e-02   7.8710340e-01   2.7813976e-01   3.6808021e-01   3.4551351e-01   6.4839948e-02   7.9077165e-01   2.6877197e-01
   2.2265500e-02   4.2326428e-02   5.0674343e-02   1.1715391e-01   7.7014644e-01   7.6544602e-01   4.9150801e-01   3.2423234e-02   2.4812946e-02   7.9295624e-02   6.8662930e-02   5.3907368e-03   2.8507653e-02   1.3198645e-02   9.7968881e-01   4.5887652e-02   1.7344092e-01   4.7531329e-02   3.5345180e-03   8.8397973e-01   6.5687569e-02
   2.0456952e-02   2.6736573e-02   5.4157722e-02   8.5412096e-02   8.7619403e-01   8.7608173e-01   3.3423515e-01   2.3970127e-02   1.9581814e-02   1.0877742e-01   1.6787048e-02   7.9226892e-03   8.2937966e-02   2.0527906e-02   7.1329256e-01   9.0614235e-02   4.0375058e-01   4.9720300e-02   3.4970722e-03   7.7023379e-01   2.9278742e-02
   4.5205807e-01   4.4223707e-01   9.1754951e-01   7.2038396e-01   8.1363819e-01   8.7070122e-01   8.4182191e-01   6.3528697e-01   4.6270186e-01   7.9847536e-01   9.9504018e-03   2.1919586e-01   9.5133950e-01   6.0323393e-01   6.3725275e-01   4.4451457e-01   4.6625158e-01   3.9404972e-01   6.2725404e-01   2.2558518e-01   4.6664161e-01
   4.6603012e-01   4.3666185e-01   9.6786193e-01   7.0640597e-01   7.0814940e-01   9.9091271e-01   7.9004984e-01   5.9554955e-01   4.7320297e-01   7.4245358e-01   6.1185305e-03   3.0608293e-01   7.2408377e-01   7.3060543e-01   4.3821336e-01   3.3918308e-01   4.9640762e-01   2.8670075e-01   6.7957604e-01   2.1910955e-01   4.6137325e-01
   4.5340302e-02   4.4758110e-02   1.7265916e-01   9.6599774e-02   8.0034277e-01   6.5280262e-01   2.1083932e-01   2.1473692e-02   4.4179691e-02   1.0591293e-01   1.0816618e-01   7.8632704e-02   1.8746006e-01   8.2091377e-02   3.7383950e-01   6.4756212e-02   9.2688470e-01   4.2310818e-02   1.4267411e-02   6.8840895e-01   7.3467207e-02
   7.8932373e-02   1.1758583e-01   2.0771247e-01   8.3472534e-01   8.5772508e-01   9.4968906e-01   7.2060941e-01   5.0147400e-01   1.0350142e-01   1.0417804e-01   5.0549226e-01   4.6992435e-02   3.1640244e-02   5.3250826e-02   7.7908520e-01   2.5723775e-01   3.2811904e-01   4.6998722e-01   1.2038211e-01   8.1973919e-01   9.7876375e-01
   7.8278117e-02   1.1618091e-01   2.1220365e-01   8.3327306e-01   8.4633632e-01   9.6166348e-01   7.2121204e-01   5.0051354e-01   1.0282250e-01   1.0288870e-01   5.0804684e-01   4.7241941e-02   3.1528857e-02   5.3035014e-02   7.7970104e-01   2.5459325e-01   3.2657607e-01   4.6710833e-01   1.2016953e-01   8.2455560e-01   9.9570466e-01
   5.8288943e-04   1.3229640e-03   3.0191495e-02   6.3424439e-03   7.7789944e-01   5.3284200e-01   7.8771136e-02   8.5755568e-04   5.1990914e-04   1.8004445e-03   8.2967031e-02   2.6463950e-03   1.1832879e-02   5.2820525e-04   7.5107206e-01   1.2171026e-04   2.2807419e-01   1.0822624e-03   5.6371763e-05   9.4280815e-01   2.4918804e-01
   8.3490517e-04   7.7811274e-04   2.9167621e-02   2.2834444e-03   6.7613519e-01   2.8367541e-01   1.9574139e-02   5.4515908e-04   5.2282508e-04   1.2711623e-03   1.1709692e-01   1.9212747e-02   4.4438804e-02   1.8593403e-03   4.4480427e-01   9.2852469e-04   8.1486315e-01   1.7622782e-03   2.5690589e-04   9.6916901e-01   5.8430913e-01
   6.8233224e-01   5.6814216e-01   3.4724791e-01   9.1914384e-01   1.8582899e-01   1.5890710e-01   9.8939056e-01   8.8929723e-01   7.2180969e-01   5.0685459e-01   6.4095265e-01   9.1791686e-01   7.7698660e-01   7.9969151e-01   9.9552512e-01   4.8083422e-01   7.4297099e-01   6.0388507e-01   8.3132611e-01   5.1681396e-01   2.5748597e-02
   7.2060374e-02   1.5203705e-01   4.6155412e-02   9.8725012e-02   5.4138172e-01   5.1670916e-01   7.3806610e-01   6.7457830e-02   7.8876945e-02   3.8341111e-01   9.3299440e-03   1.8329400e-02   2.4819860e-01   8.5712701e-02   6.6437344e-01   5.9053974e-01   8.3985567e-03   7.2637242e-01   1.0453310e-01   5.0010235e-01   1.2499858e-01
   1.1944528e-02   1.3616277e-02   1.3136791e-01   4.7243607e-02   7.3703689e-01   6.9968818e-01   1.8050626e-01   8.6512559e-03   1.2026186e-02   7.3769598e-02   1.6787527e-02   1.0829606e-02   9.8128318e-02   2.1027530e-02   4.2269080e-01   5.3316575e-02   5.6449203e-01   5.4297332e-02   3.8351400e-03   8.1226597e-01   5.2036816e-02
   6.9214158e-02   1.4713127e-01   4.6116576e-02   9.6080303e-02   5.4968187e-01   5.2497200e-01   7.3604816e-01   6.5275418e-02   7.5996652e-02   3.7611823e-01   8.9612669e-03   1.7517570e-02   2.4366914e-01   8.2917331e-02   6.6229527e-01   5.8282162e-01   7.7907947e-03   7.2039745e-01   1.0168898e-01   5.0179741e-01   1.2905068e-01
   1.1944528e-02   1.3616277e-02   1.3136791e-01   4.7243607e-02   7.3703689e-01   6.9968818e-01   1.8050626e-01   8.6512559e-03   1.2026186e-02   7.3769598e-02   1.6787527e-02   1.0829606e-02   9.8128318e-02   2.1027530e-02   4.2269080e-01   5.3316575e-02   5.6449203e-01   5.4297332e-02   3.8351400e-03   8.1226597e-01   5.2036816e-02
   8.9286748e-02   1.8095243e-01   4.6540732e-02   1.1468064e-01   4.9823564e-01   4.7437412e-01   7.4846479e-01   8.0702668e-02   9.6165771e-02   4.2342686e-01   1.1807173e-02   2.3466169e-02   2.7325374e-01   1.0222682e-01   6.7763831e-01   6.3219016e-01   1.2541687e-02   7.5844225e-01   1.2117879e-01   4.9263806e-01   1.0604735e-01
   1.1944397e-02   1.3616103e-02   1.3136854e-01   4.7243344e-02   7.3703348e-01   6.9968481e-01   1.8050596e-01   8.6511768e-03   1.2026064e-02   7.3769067e-02   1.6787473e-02   1.0829544e-02   9.8127942e-02   2.1027375e-02   4.2269017e-01   5.3316121e-02   5.6449109e-01   5.4296930e-02   3.8350989e-03   8.1226701e-01   5.2037435e-02
