  6.0789625e-132   3.2272350e-14   1.3997719e-02   1.5733201e-04   1.4757233e-01   6.0925262e-02   1.5691778e-02   9.2021913e-06   2.2230094e-22   2.2388661e-08   1.1006509e-02   9.4210723e-05   1.6529635e-03   8.7110331e-08   3.6289919e-01   2.3404933e-04   1.9199452e-01   2.4089106e-02   9.9682196e-06   7.5734289e-01   9.3318371e-01
   3.2272350e-14   0.0000000e+00   7.2481794e-02   9.6642071e-05   3.5985382e-02   1.1740856e-02   5.7644789e-03   3.1388040e-06   8.4823590e-15   1.4426491e-07   8.5778991e-03   3.2880637e-04   6.1030753e-03   8.4528823e-07   2.6991943e-01   2.1263083e-04   4.3222878e-01   2.3390203e-02   2.5299606e-05   6.4053047e-01   9.3811799e-01
   1.3997719e-02   7.2481794e-02   0.0000000e+00   2.8259669e-01   1.7257835e-02   6.8202149e-02   7.7450907e-01   2.6976844e-01   1.5106134e-02   9.2537069e-03   5.3991952e-01   2.5038315e-02   5.4284538e-03   1.1471119e-02   8.5055666e-01   7.5750767e-02   2.0443750e-02   1.0232272e-01   1.7677150e-02   3.7912839e-01   7.0176543e-01
   1.5733201e-04   9.6642071e-05   2.8259669e-01   0.0000000e+00   5.7748204e-02   2.7171978e-02   1.7889396e-03   8.5790765e-10   1.3517191e-04   1.7367144e-03   2.4745687e-02   1.5039522e-02   1.2218715e-01   1.2744675e-03   3.0119606e-01   3.1295374e-03   2.2228283e-01   3.2621171e-02   3.0221513e-04   5.4706806e-01   1.6784028e-01
   1.4757233e-01   3.5985382e-02   1.7257835e-02   5.7748204e-02   0.0000000e+00   3.8413127e-11   4.2210662e-02   2.9086216e-02   1.3367519e-01   2.4252446e-01   1.9386349e-01   6.3462083e-01   7.7345776e-01   3.4036511e-01   2.1035012e-01   3.1146218e-01   2.3195948e-01   9.1742829e-01   4.5322709e-01   1.5432725e-01   6.1895573e-01
   6.0925262e-02   1.1740856e-02   6.8202149e-02   2.7171978e-02   3.8413127e-11   0.0000000e+00   2.6799646e-02   7.4762084e-03   5.2889246e-02   9.0707394e-02   2.1056912e-01   6.0919800e-01   8.9110884e-01   2.3011404e-01   1.1357248e-01   1.3289209e-01   3.1488022e-01   6.0607246e-01   2.2827455e-01   1.9916975e-01   3.4878390e-01
   1.5691778e-02   5.7644789e-03   7.7450907e-01   1.7889396e-03   4.2210662e-02   2.6799646e-02   0.0000000e+00   2.7477500e-03   1.1156340e-02   1.2535521e-02   2.9806385e-01   6.2058394e-02   8.0176632e-02   1.8847245e-02   8.0563990e-01   9.7285858e-04   4.6866622e-01   8.8092162e-03   1.4180791e-02   3.4302008e-01   4.0460293e-01
   9.2021913e-06   3.1388040e-06   2.6976844e-01   8.5790765e-10   2.9086216e-02   7.4762084e-03   2.7477500e-03   0.0000000e+00   6.7931642e-06   3.4293080e-04   1.1235721e-02   4.3860435e-03   5.9968693e-02   1.9842331e-04   3.5218105e-01   8.2414327e-04   2.9235294e-01   1.4853798e-02   7.5318854e-06   6.7489318e-01   3.3366255e-01
   2.2230094e-22   8.4823590e-15   1.5106134e-02   1.3517191e-04   1.3367519e-01   5.2889246e-02   1.1156340e-02   6.7931642e-06   0.0000000e+00   2.8320777e-08   9.4976189e-03   7.3731219e-05   1.6873902e-03   5.3261500e-08   3.9171348e-01   1.6766425e-04   2.1655789e-01   2.0011607e-02   8.4793884e-06   7.6417526e-01   9.7062557e-01
   2.2388661e-08   1.4426491e-07   9.2537069e-03   1.7367144e-03   2.4252446e-01   9.0707394e-02   1.2535521e-02   3.4293080e-04   2.8320777e-08  1.6790920e-134   3.8951364e-01   4.6992652e-03   4.6981409e-04   1.6302232e-06   5.8618218e-01   2.9130471e-06   5.0297630e-01   3.4626125e-03   6.0274568e-06   9.1650135e-01   7.5235728e-01
   1.1006509e-02   8.5778991e-03   5.3991952e-01   2.4745687e-02   1.9386349e-01   2.1056912e-01   2.9806385e-01   1.1235721e-02   9.4976189e-03   3.8951364e-01  1.6790920e-134   2.3141223e-03   5.0942166e-01   4.3980245e-02   3.1191832e-01   6.3936324e-01   1.0543382e-01   9.8424588e-01   1.6033201e-01   3.4928125e-01   5.4286475e-01
   9.4210723e-05   3.2880637e-04   2.5038315e-02   1.5039522e-02   6.3462083e-01   6.0919800e-01   6.2058394e-02   4.3860435e-03   7.3731219e-05   4.6992652e-03   2.3141223e-03   0.0000000e+00   6.5109727e-06   4.7191981e-08   2.2588470e-01   7.7013540e-03   1.0725123e-01   3.3322933e-02   6.5240204e-04   9.0442104e-01   5.4978778e-01
   1.6529635e-03   6.1030753e-03   5.4284538e-03   1.2218715e-01   7.7345776e-01   8.9110884e-01   8.0176632e-02   5.9968693e-02   1.6873902e-03   4.6981409e-04   5.0942166e-01   6.5109727e-06   0.0000000e+00   7.8163917e-07   3.8535386e-02   6.1454417e-04   3.6925394e-01   3.5967493e-03   3.8608139e-04   4.4136564e-01   8.5256063e-01
   8.7110331e-08   8.4528823e-07   1.1471119e-02   1.2744675e-03   3.4036511e-01   2.3011404e-01   1.8847245e-02   1.9842331e-04   5.3261500e-08   1.6302232e-06   4.3980245e-02   4.7191981e-08   7.8163917e-07   0.0000000e+00   4.6781577e-01   5.5189744e-05   2.2730341e-01   3.5785980e-03   2.6285166e-06   7.8417349e-01   7.3668538e-01
   3.6289919e-01   2.6991943e-01   8.5055666e-01   3.0119606e-01   2.1035012e-01   1.1357248e-01   8.0563990e-01   3.5218105e-01   3.9171348e-01   5.8618218e-01   3.1191832e-01   2.2588470e-01   3.8535386e-02   4.6781577e-01  1.6790920e-134   8.4558198e-01   9.6447006e-01   3.8640818e-01   8.5606410e-01   5.5455808e-02   5.5252868e-01
   2.3404933e-04   2.1263083e-04   7.5750767e-02   3.1295374e-03   3.1146218e-01   1.3289209e-01   9.7285858e-04   8.2414327e-04   1.6766425e-04   2.9130471e-06   6.3936324e-01   7.7013540e-03   6.1454417e-04   5.5189744e-05   8.4558198e-01   0.0000000e+00   9.2528596e-01   2.0331546e-07   2.8079659e-06   5.6140203e-01   6.9613533e-01
   1.9199452e-01   4.3222878e-01   2.0443750e-02   2.2228283e-01   2.3195948e-01   3.1488022e-01   4.6866622e-01   2.9235294e-01   2.1655789e-01   5.0297630e-01   1.0543382e-01   1.0725123e-01   3.6925394e-01   2.2730341e-01   9.6447006e-01   9.2528596e-01  1.6790920e-134   9.7098560e-01   3.2695346e-01   5.4183124e-01   7.0577406e-01
   2.4089106e-02   2.3390203e-02   1.0232272e-01   3.2621171e-02   9.1742829e-01   6.0607246e-01   8.8092162e-03   1.4853798e-02   2.0011607e-02   3.4626125e-03   9.8424588e-01   3.3322933e-02   3.5967493e-03   3.5785980e-03   3.8640818e-01   2.0331546e-07   9.7098560e-01   0.0000000e+00   4.5323791e-05   8.9331617e-02   3.6689316e-01
   9.9682196e-06   2.5299606e-05   1.7677150e-02   3.0221513e-04   4.5322709e-01   2.2827455e-01   1.4180791e-02   7.5318854e-06   8.4793884e-06   6.0274568e-06   1.6033201e-01   6.5240204e-04   3.8608139e-04   2.6285166e-06   8.5606410e-01   2.8079659e-06   3.2695346e-01   4.5323791e-05   0.0000000e+00   4.6406994e-01   3.8091688e-01
   7.5734289e-01   6.4053047e-01   3.7912839e-01   5.4706806e-01   1.5432725e-01   1.9916975e-01   3.4302008e-01   6.7489318e-01   7.6417526e-01   9.1650135e-01   3.4928125e-01   9.0442104e-01   4.4136564e-01   7.8417349e-01   5.5455808e-02   5.6140203e-01   5.4183124e-01   8.9331617e-02   4.6406994e-01   0.0000000e+00   8.3681080e-01
   9.3318371e-01   9.3811799e-01   7.0176543e-01   1.6784028e-01   6.1895573e-01   3.4878390e-01   4.0460293e-01   3.3366255e-01   9.7062557e-01   7.5235728e-01   5.4286475e-01   5.4978778e-01   8.5256063e-01   7.3668538e-01   5.5252868e-01   6.9613533e-01   7.0577406e-01   3.6689316e-01   3.8091688e-01   8.3681080e-01   0.0000000e+00
