   3.7312387e-05   1.1610687e-04   1.7658661e-02   1.0010051e-03   3.0070498e-01   2.7710852e-01   2.9066574e-02   2.1787007e-03   4.8655346e-05   1.6774245e-04   9.3538426e-02   1.8289077e-03   5.6960253e-03   1.0492665e-04   4.8643958e-01   5.7803372e-03   7.7131755e-02   6.6706199e-02   1.5499085e-03   7.1672389e-01   5.6182370e-01
   1.2006488e-01   1.5866522e-01   5.7566534e-02   1.5154992e-01   9.9193522e-01   9.3339947e-01   1.7969536e-01   2.1985999e-01   1.2431614e-01   8.1049336e-02   8.1354290e-01   3.3820786e-01   2.4295975e-01   1.5655213e-01   5.8088089e-01   2.4873666e-01   3.2948978e-01   2.6436165e-01   1.0952082e-01   4.6432150e-01   2.0498510e-01
   1.0501870e-02   1.3471455e-02   1.0544259e-01   3.3307100e-01   6.5124327e-01   4.6427027e-01   3.5145353e-01   5.6904752e-02   1.0814553e-02   1.1934193e-02   2.8907618e-01   4.3172468e-02   4.1401142e-02   1.7898983e-02   6.1173700e-01   1.9265275e-02   8.5635655e-01   6.3613341e-02   1.0420789e-02   8.8455566e-01   6.3077664e-01
   8.4767846e-05   3.0308530e-04   1.0314875e-02   7.4452978e-03   5.0456674e-01   4.5033717e-01   6.8390195e-02   4.6838043e-03   1.2682309e-04   1.2609081e-04   1.9176287e-01   2.2562061e-03   2.2848764e-03   1.1131063e-04   6.5692036e-01   3.3123820e-03   1.3069819e-01   2.6622190e-02   5.4283561e-04   9.7454528e-01   5.2701815e-01
   1.1982410e-02   2.1319975e-02   2.0078370e-02   2.9474289e-01   9.2112539e-01   8.6297625e-01   2.3983243e-01   1.4425468e-01   1.3309044e-02   1.9115215e-03   9.6858211e-01   6.2536657e-02   9.0068830e-03   8.3729152e-03   9.9130176e-01   7.2523753e-03   7.1885916e-01   2.6884832e-02   7.3118511e-03   5.7312309e-01   5.4472184e-01
   1.4623176e-02   1.8974436e-02   1.0980455e-01   4.6022482e-01   6.0719966e-01   5.8229209e-01   3.6955967e-01   1.8942541e-01   1.7184962e-02   2.8132241e-03   9.7392755e-01   4.5761557e-02   5.5793555e-03   7.1348569e-03   8.2977104e-01   3.2558705e-03   9.9713718e-01   1.6428002e-02   1.1232692e-02   6.2087037e-01   8.8715700e-01
   1.0452118e-03   3.1675342e-03   6.1750303e-03   6.2692617e-02   8.6743394e-01   6.1462786e-01   1.5774596e-01   2.6228428e-02   1.1322704e-03   5.7665088e-05   7.7182829e-01   1.9695950e-02   2.1257134e-03   4.4260074e-04   9.9096102e-01   5.5319465e-04   4.1542214e-01   9.8584200e-03   5.8652079e-04   6.4393974e-01   7.6827528e-01
   4.3909288e-01   4.3879564e-01   5.6673153e-01   2.2613652e-01   5.9599351e-01   7.3715897e-01   3.3162815e-01   4.7766865e-01   4.6839527e-01   3.3760233e-01   8.6840339e-01   8.0087870e-01   6.2862899e-01   5.1928632e-01   7.1996907e-01   5.6090901e-01   2.2523021e-01   4.3739408e-01   4.4574876e-01   2.2221637e-01   7.8797486e-01
   9.8323407e-04   9.3755499e-04   9.7048501e-02   2.1234675e-02   2.1028688e-01   1.3102234e-01   2.7362013e-02   3.8220411e-03   8.6214385e-04   3.6346595e-04   3.4992390e-01   3.3793883e-02   3.0418187e-02   2.2005579e-03   5.8401571e-01   5.4667507e-04   7.1873607e-01   5.9068793e-03   1.2479699e-03   4.3680479e-01   4.6637158e-01
   1.1241990e-01   1.1305654e-01   6.5488488e-01   1.2530605e-02   2.3054548e-01   2.1561445e-01   1.2658799e-01   5.7092536e-02   1.3260998e-01   2.5691737e-01   1.9298709e-01   6.3159087e-01   8.2406465e-01   4.8931871e-01   9.6950688e-03   5.7206274e-01   7.3343092e-02   9.8469579e-01   5.7231565e-01   9.2415266e-02   9.9766361e-01
   9.1605063e-01   9.1545999e-01   2.9538911e-01   7.7142471e-01   7.1820839e-01   5.0287584e-01   8.3666355e-01   4.8730321e-01   9.5357812e-01   8.1926938e-01   5.4175603e-01   7.7710935e-01   9.8349831e-01   9.5425161e-01   8.7650425e-01   8.8997894e-01   7.2644420e-01   8.1594160e-01   9.2332079e-01   3.3896240e-01   5.7723400e-01
   1.6920510e-02   3.6325899e-02   6.9993570e-02   3.3120459e-01   9.2635826e-01   9.8912660e-01   7.5626017e-01   1.5140998e-01   2.3183615e-02   3.1044951e-02   2.8193237e-01   1.0073672e-02   1.0645945e-02   1.0010452e-02   8.7028502e-01   7.6927153e-02   1.3807219e-01   2.0230216e-01   2.4188215e-02   8.6181188e-01   6.7838292e-01
   7.6538388e-03   2.3819506e-02   1.5770449e-03   1.2223821e-01   6.5306223e-01   8.3666381e-01   2.9031474e-01   8.4585137e-02   9.1913615e-03   4.5576433e-03   5.2768736e-01   6.8640342e-02   3.3692425e-02   1.8873429e-02   4.4345633e-01   2.4192338e-02   1.1803492e-01   1.0052567e-01   1.0863591e-02   8.6774062e-01   4.7906657e-01
   4.3468751e-02   6.5285291e-02   1.0858295e-01   7.2262947e-01   9.1516416e-01   9.4273276e-01   9.8866832e-01   3.5191362e-01   5.1960362e-02   3.1980609e-02   6.6920911e-01   4.4872485e-02   1.7093772e-02   1.9743229e-02   7.0205256e-01   9.6222715e-02   7.7887634e-01   2.3521608e-01   4.4944482e-02   9.6522275e-01   8.3029536e-01
   6.7558464e-04   3.4309902e-03   2.2265389e-03   1.7365225e-02   9.4620208e-01   7.7996787e-01   1.7641504e-01   8.7184319e-03   8.3688547e-04   3.6580128e-04   3.6926501e-01   9.8956707e-03   4.7627711e-03   5.9198529e-04   8.1203514e-01   4.2572205e-03   7.5518520e-02   3.3075313e-02   6.2492727e-04   7.8267388e-01   6.1143309e-01
   4.3071793e-01   5.5577306e-01   1.4210295e-01   5.8716611e-01   4.6132368e-01   7.9723588e-01   9.4015186e-01   6.5090522e-01   4.1081365e-01   1.5011894e-01   3.5735481e-01   6.0241004e-01   1.9354099e-01   1.8661223e-01   2.5226627e-01   2.4735589e-01   5.6095475e-01   2.6832739e-01   1.7604179e-01   2.8987036e-01   3.7904243e-01
   1.5120775e-02   1.2661291e-02   3.3378002e-01   6.3809537e-02   4.4712069e-01   2.2364836e-01   3.1980025e-01   2.3883954e-02   1.3188440e-02   2.3304270e-02   1.9808856e-01   3.9707709e-02   7.9801786e-02   7.7618424e-03   9.7880276e-01   4.8751671e-02   9.4712820e-01   8.3710909e-02   5.0204116e-03   8.1815043e-01   6.0730173e-01
   9.9750487e-02   1.0597438e-01   1.9674203e-01   2.5230104e-01   9.5711933e-01   6.9294912e-01   7.0250696e-01   1.9296768e-01   8.9960553e-02   1.3325313e-01   3.0635283e-01   1.5848403e-01   2.5259117e-01   7.3539653e-02   9.5566742e-01   3.3792846e-01   6.3744889e-01   3.5703366e-01   4.7102469e-02   9.0951432e-01   6.3632712e-01
   2.8026317e-01   1.8985102e-01   2.7164096e-01   2.2599560e-01   8.0902853e-02   1.0537979e-01   2.1301966e-01   9.4184098e-02   2.9755344e-01   6.7379833e-01   7.3845418e-02   3.1747685e-01   8.5869816e-01   5.0913221e-01   2.3419145e-01   5.0620363e-01   4.1805269e-01   7.9868682e-01   4.7996472e-01   8.7697115e-02   4.7553531e-01
   7.8861581e-02   1.1744499e-01   2.0814021e-01   8.3461861e-01   8.5657568e-01   9.5090967e-01   7.2071315e-01   5.0136144e-01   1.0342528e-01   1.0401661e-01   5.0587274e-01   4.7006409e-02   3.1606132e-02   5.3208787e-02   7.7889521e-01   2.5690579e-01   3.2790843e-01   4.6962288e-01   1.2031231e-01   8.2032142e-01   9.8057709e-01
   7.8580184e-02   1.1679919e-01   2.1017776e-01   8.3369973e-01   8.5159938e-01   9.5606564e-01   7.2077607e-01   5.0096828e-01   1.0314502e-01   1.0359795e-01   5.0627798e-01   4.7162299e-02   3.1672831e-02   5.3209086e-02   7.8054765e-01   2.5606579e-01   3.2749710e-01   4.6873486e-01   1.2045392e-01   8.2188590e-01   9.8734475e-01
   7.9942216e-04   1.4898196e-03   4.4275831e-02   2.8782830e-04   4.5006962e-01   2.2181010e-01   2.5770274e-03   3.1065961e-04   5.6532799e-04   8.4229650e-04   1.7712164e-01   2.1677120e-02   4.6813492e-02   1.7399384e-03   5.1163783e-01   3.6232215e-04   1.7643195e-01   6.5835966e-03   1.1349425e-03   8.7393305e-01   4.8368365e-01
   1.1187741e-01   1.0836377e-01   2.2988406e-01   3.3213612e-03   5.7723010e-01   3.8528037e-01   9.4496617e-03   3.2630611e-02   9.3262332e-02   1.1090713e-01   4.2939400e-01   4.2796345e-01   6.0862623e-01   1.7701177e-01   3.8184236e-01   1.7183834e-01   4.6051710e-01   2.1712391e-01   1.6396258e-01   8.2390716e-01   4.5230410e-01
   9.2588069e-01   7.8755558e-01   2.9366598e-01   8.7211482e-01   2.8319654e-01   2.2836296e-01   8.0815004e-01   8.6635063e-01   9.6271196e-01   7.6606994e-01   6.2998188e-01   6.5597558e-01   8.8730665e-01   8.7769958e-01   8.2335274e-01   6.9114525e-01   9.0129265e-01   7.6854244e-01   8.4389597e-01   5.1307094e-01   2.3764034e-02
   2.2095375e-02   5.9156139e-02   3.8247861e-02   1.9214366e-02   8.3974053e-01   8.6455173e-01   4.5911091e-01   1.8617955e-02   2.5854570e-02   1.6382125e-01   1.1528873e-02   1.2645747e-02   1.7549767e-01   3.5173220e-02   5.8640565e-01   3.7382824e-01   5.4187205e-04   5.6535118e-01   5.2095327e-02   6.8872599e-01   3.0836454e-01
   6.9038524e-01   5.5737251e-01   1.8127935e-01   6.4711598e-01   1.8835712e-01   3.0099111e-01   5.8038763e-01   3.7199270e-01   7.1807167e-01   6.6574741e-01   5.4971225e-02   4.9065453e-01   7.3667475e-01   9.9808692e-01   3.1680158e-01   8.7413695e-01   5.9428049e-01   6.4862471e-01   9.9493683e-01   5.6230018e-02   4.7255690e-01
   2.1562859e-02   5.7924366e-02   3.8450931e-02   1.8774912e-02   8.4576558e-01   8.7086580e-01   4.5801422e-01   1.8238797e-02   2.5291638e-02   1.6195543e-01   1.1305655e-02   1.2457972e-02   1.7476405e-01   3.4672021e-02   5.8296520e-01   3.7137605e-01   5.1522498e-04   5.6333888e-01   5.1608577e-02   6.8967302e-01   3.1276768e-01
   6.9038550e-01   5.5737287e-01   1.8127972e-01   6.4711611e-01   1.8835759e-01   3.0099172e-01   5.8038762e-01   3.7199280e-01   7.1807189e-01   6.6574711e-01   5.4971206e-02   4.9065450e-01   7.3667468e-01   9.9808679e-01   3.1680167e-01   8.7413657e-01   5.9428032e-01   6.4862446e-01   9.9493675e-01   5.6229966e-02   4.7255590e-01
   2.6469787e-02   6.9026262e-02   3.6756546e-02   2.2781798e-02   7.9456769e-01   8.1810202e-01   4.6748710e-01   2.1792170e-02   3.0447606e-02   1.7892376e-01   1.3205258e-02   1.4316660e-02   1.8312317e-01   3.9553301e-02   6.0657879e-01   3.9446819e-01   7.9794155e-04   5.8319605e-01   5.6768979e-02   6.8003929e-01   2.7770819e-01
   6.9038564e-01   5.5737327e-01   1.8128033e-01   6.4711692e-01   1.8835813e-01   3.0099244e-01   5.8038770e-01   3.7199323e-01   7.1807195e-01   6.6574708e-01   5.4971231e-02   4.9065422e-01   7.3667524e-01   9.9808693e-01   3.1680207e-01   8.7413611e-01   5.9428055e-01   6.4862334e-01   9.9493667e-01   5.6229632e-02   4.7255548e-01
