   5.8189615e-01   6.6437267e-01   3.5734970e-01   6.4437741e-01   7.5618596e-01   8.8269831e-01   4.1571903e-01   6.4151497e-01   5.9490264e-01   5.3653385e-01   9.6166091e-01   6.8193577e-01   4.8610313e-01   6.3690785e-01   8.3479275e-01   7.2500646e-01   6.8499779e-01   6.3547567e-01   6.3068812e-01   1.6814587e-01   7.9363385e-01
   8.2783093e-03   1.6116554e-02   5.0638739e-02   3.2575445e-03   6.2648647e-01   4.8033350e-01   4.2922515e-02   7.7477395e-03   9.3245267e-03   6.7930592e-03   4.3224635e-01   7.2243547e-02   6.7621964e-02   1.2503977e-02   5.1060319e-01   3.2985734e-02   2.0265159e-01   1.4125986e-01   1.2830590e-02   7.0472613e-01   3.5298158e-01
   1.5399709e-03   2.3321943e-03   2.7342589e-02   6.4820903e-02   8.9559500e-01   6.6813811e-01   3.8622370e-01   1.1819072e-02   1.6801059e-03   2.8163383e-03   1.6449940e-01   4.8825423e-03   8.1214099e-03   9.8840892e-04   8.3187203e-01   3.0813814e-03   6.2684032e-01   5.0070275e-03   2.4930778e-04   8.9600184e-01   5.0746762e-01
   6.4580577e-01   5.9541140e-01   6.9085877e-01   4.7669455e-01   4.6418568e-01   1.5100699e-01   5.2489940e-01   2.7676857e-01   6.3038625e-01   4.7448973e-01   7.9687783e-01   7.2302331e-01   9.3582019e-01   9.0032061e-01   4.9854739e-01   3.2217501e-01   5.9800618e-01   5.0383284e-01   6.6909316e-01   5.5735709e-01   3.8214271e-01
   5.2377111e-01   5.5231496e-01   8.1407039e-01   6.1227027e-01   4.9361883e-01   5.8658420e-01   2.1791465e-01   7.4615097e-01   5.4752230e-01   5.0198207e-01   9.4734199e-01   6.5764901e-01   6.0230323e-01   5.8152228e-01   9.5195541e-01   8.5322894e-01   3.4706523e-01   9.2137977e-01   8.7460627e-01   9.2559465e-01   4.8027158e-01
   5.6444730e-01   6.0857030e-01   8.1725687e-01   5.5611573e-01   5.6691359e-01   5.7829598e-01   2.2623626e-01   7.7478429e-01   5.9019802e-01   3.6723775e-01   5.7829609e-01   9.6897595e-01   7.2971732e-01   6.8942638e-01   7.4921424e-01   5.9261149e-01   6.2839487e-01   9.4686768e-01   9.7487228e-01   8.8677673e-01   5.4098073e-01
   1.6784216e-01   2.2745226e-01   1.3205335e-01   1.9759485e-01   9.3455307e-01   9.4012730e-01   1.8582628e-01   2.2309501e-01   1.7776034e-01   1.3847996e-01   7.7926891e-01   3.0127352e-01   1.8628705e-01   1.8658782e-01   7.5763026e-01   3.0230083e-01   4.5091244e-01   3.6349324e-01   1.9545032e-01   3.7999787e-01   5.5610275e-01
   1.7653851e-01   1.6851048e-01   7.6070110e-01   8.6926929e-02   3.6038323e-01   3.1059338e-01   4.5892958e-01   1.1701721e-01   1.7477096e-01   1.5294437e-01   7.0476116e-01   4.5410365e-01   5.8015736e-01   1.9308708e-01   6.6626063e-01   1.4665911e-01   7.9073215e-01   4.5396078e-01   1.7858524e-01   4.9903527e-02   7.9680959e-01
   1.4292272e-01   1.9537136e-01   1.2139454e-01   1.4386469e-01   9.6616677e-01   8.9719638e-01   1.5095113e-01   1.8146796e-01   1.5120943e-01   1.1658975e-01   7.5559829e-01   2.9078131e-01   1.8782459e-01   1.6449362e-01   6.9391793e-01   2.7122688e-01   4.4621958e-01   3.4308094e-01   1.7502487e-01   4.6076281e-01   5.2984868e-01
   9.0677636e-02   8.4295787e-02   7.1064907e-01   5.0593369e-02   2.2935131e-01   1.3839511e-01   2.4706030e-01   4.3204816e-02   8.7515561e-02   6.4077134e-02   6.9586896e-01   2.9189265e-01   3.2775788e-01   9.1493309e-02   7.2430368e-01   4.9487315e-02   8.2642110e-01   2.7407512e-01   7.5192171e-02   3.4357125e-02   9.6055935e-01
