   7.2580819e-05   5.5512736e-05   9.8710461e-02   5.0993672e-02   2.0210804e-01   5.5917556e-02   5.2652939e-02   4.8260006e-03   5.1147620e-05   1.9706236e-04   8.1735421e-02   2.8109928e-03   6.1137956e-03   2.9578132e-04   5.0764015e-01   6.4060715e-04   8.8777299e-01   2.7810904e-02   1.5257515e-03   3.1224357e-01   3.4939875e-01
   6.1385512e-02   7.5547102e-02   2.1635100e-01   2.0525101e-01   9.5939932e-01   5.8694590e-01   5.2592250e-01   3.5517066e-02   6.2220032e-02   7.0553298e-02   3.7883912e-01   9.0328313e-02   9.6774750e-02   6.3091930e-02   8.1791779e-01   1.1967393e-02   7.6145836e-01   1.3583837e-02   1.6121841e-02   6.5669100e-01   5.8242720e-01
   1.1601239e-01   1.5888815e-01   3.4864877e-02   5.0631595e-01   4.5490519e-01   6.8409435e-01   6.8762593e-01   2.1320234e-01   1.1975684e-01   2.7726701e-02   6.4327379e-01   1.7376917e-01   2.0457578e-02   5.4808845e-02   4.6567743e-01   4.8444500e-03   7.9286891e-01   3.3994696e-04   6.4773369e-03   2.0043854e-02   4.6063469e-01
   5.2989407e-02   5.5361194e-02   1.9899139e-01   3.6418371e-01   9.9811354e-01   6.4702426e-01   6.5941626e-01   8.4739059e-02   5.0903291e-02   5.8503262e-02   3.6218456e-01   7.6927509e-02   8.1645224e-02   4.6176496e-02   9.2940046e-01   1.9493814e-02   8.3175821e-01   2.0641613e-02   1.2740530e-02   9.0157006e-01   8.9627803e-01
   7.9581206e-02   8.5529149e-02   3.4869745e-01   2.5644791e-01   7.5668680e-01   4.9272613e-01   4.5686003e-01   7.2818368e-02   8.2748883e-02   3.4159038e-02   9.5142394e-01   1.4290315e-01   5.4854401e-02   5.0774644e-02   8.3718233e-01   1.2703278e-03   9.2766228e-01   1.0340084e-03   1.4722541e-02   2.5397675e-01   7.4950465e-01
   7.6181868e-02   8.8402127e-02   2.6910671e-01   4.1816351e-01   8.6102845e-01   6.8344186e-01   5.3734758e-01   1.6373677e-01   8.3296825e-02   2.1133574e-02   7.9051181e-01   1.0716525e-01   1.7895806e-02   3.0628311e-02   5.9032969e-01   1.0264251e-03   9.9198819e-01   1.0324667e-03   1.6567632e-02   2.8370771e-01   8.3386393e-01
   1.2460326e-01   1.4931742e-01   4.3684434e-01   2.9734396e-01   9.3454935e-01   9.2943891e-01   6.9659793e-01   1.0920314e-01   1.3738959e-01   3.4108389e-01   8.0429213e-02   3.5286363e-02   1.5535975e-01   1.0595275e-01   9.8283541e-01   1.4000662e-01   3.7099909e-01   1.1782745e-01   4.3719661e-02   9.8900114e-01   1.0225229e-01
   2.0822832e-01   2.5876954e-01   3.6674056e-01   3.3755549e-01   9.3930242e-01   7.8716796e-01   6.1466793e-01   1.4107729e-01   1.9850195e-01   4.4584871e-01   1.1368813e-01   1.5713078e-01   4.7619819e-01   2.4490641e-01   5.3008309e-01   4.0774241e-01   9.0437202e-01   7.5865693e-01   3.1018876e-01   6.0755211e-02   5.4176337e-01
   8.2455632e-02   1.2165892e-01   5.6685733e-02   5.2806170e-01   4.7721059e-01   7.6824555e-01   7.6634357e-01   1.8180891e-01   8.9691546e-02   3.1924628e-02   9.3806697e-01   9.0723800e-02   1.3483838e-02   3.9477975e-02   6.1428150e-01   4.9342468e-03   8.9041950e-01   1.4850582e-03   8.6685295e-03   2.3409286e-01   7.2427075e-01
   3.4499814e-01   3.9635413e-01   4.7339561e-01   3.4426342e-01   7.9449882e-01   7.6999200e-01   8.1359184e-01   2.9501038e-01   3.0808197e-01   7.8946847e-01   3.9308789e-02   9.0134305e-02   5.4428479e-01   1.9699436e-01   7.7054574e-01   6.3027305e-01   8.0922384e-01   8.1451642e-01   3.7412818e-01   9.8802177e-01   6.2188633e-02
   1.4379184e-01   1.9870424e-01   2.4832408e-02   7.1310546e-01   4.9027373e-01   8.4302217e-01   8.0865798e-01   2.4319436e-01   1.4693524e-01   8.2414357e-02   9.1485265e-01   3.6761459e-01   1.6333495e-01   2.2112809e-01   6.1371263e-01   1.0339575e-01   8.2317772e-01   7.8760042e-02   4.3804821e-02   3.8486146e-01   5.8134826e-01
   2.4900080e-01   3.4212364e-01   3.2460359e-01   5.5465043e-01   5.8281503e-01   4.7099541e-01   6.6421118e-01   2.8968654e-01   2.7859532e-01   5.6061909e-01   1.2577661e-01   5.0411130e-02   1.7499069e-01   1.7118270e-01   7.5920314e-01   3.1899509e-01   1.6795038e-01   2.5739354e-01   9.5073539e-02   9.6901861e-01   1.6397154e-01
   1.1289076e-01   1.3270091e-01   3.7963024e-01   2.4287615e-01   8.5209205e-01   7.7089894e-01   6.8821121e-01   5.7752588e-02   1.2092576e-01   1.2892883e-01   4.5925672e-01   7.8873863e-02   8.3009160e-02   6.7206940e-02   7.4503006e-01   2.4631315e-02   6.5124705e-01   1.7430825e-02   1.5419280e-02   4.6465825e-01   1.7313617e-01
   1.7803792e-01   2.3817343e-01   2.8537866e-01   6.1363503e-01   8.1872209e-01   5.3390374e-01   8.8220447e-01   3.7086961e-01   2.0853282e-01   4.1981137e-01   1.4158850e-01   4.2285054e-02   1.2737696e-01   1.3078559e-01   8.4732935e-01   4.6837686e-01   2.7029090e-01   4.5872567e-01   1.1359652e-01   7.3267792e-01   1.5469955e-01
   1.3205592e-01   1.7470466e-01   2.1570878e-01   3.1563300e-01   7.4275314e-01   6.3837426e-01   7.4724506e-01   1.1721265e-01   1.3970439e-01   3.6954680e-01   6.4194128e-02   2.2562684e-02   1.1843920e-01   8.9292007e-02   9.0267491e-01   1.8042124e-01   3.3424605e-01   1.2022146e-01   3.1272954e-02   9.4355585e-01   4.0363989e-02
   6.6396798e-02   7.0083203e-02   1.8935489e-01   1.6193930e-01   9.5449714e-01   9.4218035e-01   3.6667787e-01   5.8696777e-02   6.5956768e-02   2.9461597e-01   1.3440375e-02   2.7660056e-02   2.3170283e-01   9.3832241e-02   5.1818162e-01   2.3038118e-01   5.4769249e-01   1.4900915e-01   3.2209973e-02   9.8617240e-01   2.3761988e-02
   9.9761282e-01   9.9766839e-01   8.1581173e-01   8.0256431e-01   9.8627906e-01   5.4116335e-01   5.6573637e-01   8.0602065e-01   9.7677407e-01   2.9106020e-01   2.4761832e-02   5.4326858e-01   4.9848439e-01   7.5851043e-01   6.0166975e-01   1.2079208e-01   4.4279040e-01   1.1610587e-01   7.0298916e-01   2.1814905e-01   3.2526975e-01
   8.5079873e-01   8.0024601e-01   6.4403867e-01   9.8142250e-01   6.8549232e-01   8.8427183e-01   6.4709342e-01   9.2696549e-01   8.7482583e-01   3.3130456e-01   7.9670898e-03   5.4822267e-01   3.8847479e-01   7.6795440e-01   3.6340101e-01   1.3242724e-01   5.5951633e-01   1.0484357e-01   7.7629849e-01   1.7373777e-01   2.9890936e-01
   1.1007968e-01   7.6540852e-02   8.5364747e-01   1.1998838e-01   1.9487536e-01   1.9247485e-01   1.6015883e-01   3.0575393e-02   1.1547656e-01   3.3403851e-01   5.1652903e-02   1.4945156e-01   5.0013726e-01   2.3536414e-01   2.2720420e-01   2.1777498e-01   6.0371215e-01   3.1527097e-01   1.3646861e-01   3.2839534e-01   2.1291584e-01
   5.9505322e-01   5.0152094e-01   3.9492578e-01   8.8210717e-01   1.6870505e-01   1.5750906e-01   9.3587686e-01   8.1220192e-01   6.3196142e-01   4.2207365e-01   6.5596525e-01   8.9334211e-01   5.7489800e-01   6.2869566e-01   7.9751235e-01   4.1512901e-01   6.2676945e-01   5.4051687e-01   6.7486227e-01   5.1651191e-01   2.8225874e-02
   6.0315739e-01   5.0824837e-01   3.9124647e-01   8.9389616e-01   1.7126499e-01   1.6098981e-01   9.4681285e-01   8.2366641e-01   6.4046475e-01   4.3109477e-01   6.5751615e-01   9.0017702e-01   5.8386030e-01   6.3850548e-01   8.0239312e-01   4.2463426e-01   6.3550196e-01   5.4821142e-01   6.8765995e-01   5.2118612e-01   2.8611572e-02
   1.3756673e-01   1.6729570e-01   2.6549535e-01   5.4397916e-01   7.3701036e-01   7.7778379e-01   8.6640748e-01   2.1989902e-01   1.4638046e-01   2.3655254e-01   2.4596005e-01   6.1656921e-02   1.1590313e-01   9.6191840e-02   8.5236530e-01   8.7396018e-02   6.6932565e-01   7.4032484e-02   3.7407750e-02   9.5763204e-01   3.2216016e-01
   4.8626591e-02   4.8467438e-02   1.9579319e-01   4.2281874e-01   9.9915737e-01   6.5214102e-01   6.6667196e-01   1.0623713e-01   4.6301714e-02   6.0819114e-02   3.0414475e-01   7.1006347e-02   8.3782747e-02   4.5520125e-02   9.0437255e-01   3.1568761e-02   7.3025153e-01   3.3994922e-02   1.6521060e-02   8.2210040e-01   9.8806166e-01
   5.2650109e-01   4.3503211e-01   4.0242986e-01   7.7052432e-01   1.3961919e-01   1.2706435e-01   8.7679571e-01   7.1754710e-01   5.6467070e-01   3.5714179e-01   6.5701741e-01   8.8132604e-01   5.5496181e-01   5.8342943e-01   8.6260653e-01   3.5917484e-01   6.3819950e-01   5.0138222e-01   6.1011512e-01   5.2965312e-01   3.1820060e-02
   4.1713039e-01   5.8331819e-01   1.4067533e-01   6.4841158e-01   2.7400529e-01   2.1838767e-01   7.5886403e-01   4.2579850e-01   4.2426177e-01   9.9213363e-01   3.4209458e-02   9.3398823e-02   5.1500429e-01   3.8603960e-01   8.4700158e-01   9.5145617e-01   2.3901117e-01   9.6942937e-01   3.8190588e-01   3.4577299e-01   4.5371001e-02
   9.4495215e-02   7.8158389e-02   8.4727783e-01   1.5481477e-01   3.6947497e-01   4.3339030e-01   2.6895687e-01   4.2030544e-02   9.9248875e-02   4.1547701e-01   1.1376294e-02   6.1953359e-02   4.2763218e-01   1.8367756e-01   3.0585901e-01   2.9687945e-01   9.4758314e-01   3.8185757e-01   1.0652746e-01   2.5881081e-01   1.2098060e-01
   4.0623984e-01   5.7076933e-01   1.4036341e-01   6.4276149e-01   2.7950969e-01   2.2280452e-01   7.5736751e-01   4.1796111e-01   4.1389781e-01   9.9658380e-01   3.2738315e-02   8.8908526e-02   5.0365159e-01   3.7572160e-01   8.4894904e-01   9.6243598e-01   2.2994356e-01   9.7782364e-01   3.7222665e-01   3.4633255e-01   4.7369318e-02
   9.4495285e-02   7.8158468e-02   8.4727745e-01   1.5481484e-01   3.6947536e-01   4.3339073e-01   2.6895690e-01   4.2030572e-02   9.9248940e-02   4.1547719e-01   1.1376298e-02   6.1953377e-02   4.2763226e-01   1.8367763e-01   3.0585909e-01   2.9687962e-01   9.4758326e-01   3.8185773e-01   1.0652751e-01   2.5881074e-01   1.2098040e-01
   4.6640652e-01   6.3903997e-01   1.4265753e-01   6.7270255e-01   2.5209658e-01   2.0111767e-01   7.6708038e-01   4.6066257e-01   4.7102393e-01   9.4470490e-01   4.1773783e-02   1.1539362e-01   5.6528319e-01   4.3261042e-01   8.3998794e-01   9.0558829e-01   2.8177563e-01   9.3473397e-01   4.2520485e-01   3.4504642e-01   3.7874585e-02
   9.4495071e-02   7.8158249e-02   8.4727834e-01   1.5481482e-01   3.6947424e-01   4.3338952e-01   2.6895684e-01   4.2030534e-02   9.9248734e-02   4.1547656e-01   1.1376296e-02   6.1953298e-02   4.2763178e-01   1.8367738e-01   3.0585903e-01   2.9687916e-01   9.4758268e-01   3.8185765e-01   1.0652739e-01   2.5881049e-01   1.2098114e-01
