   0.0000000e+00   2.6495249e-03   7.0968590e-02   1.3514926e-04   1.1624744e-02   1.9207778e-02   1.4110927e-01   3.0712346e-02   8.1067404e-03   4.5279524e-01   4.2058533e-02   2.2290586e-01   5.1140023e-02   3.9178597e-01   1.4940848e-01   1.4117741e-01   4.3959335e-01   5.9926026e-01   6.0439488e-02   3.9971214e-01   4.0086834e-01   1.9010071e-02   9.4344731e-05   3.8045522e-01   5.2031556e-01   7.0209929e-02   5.0580127e-01   7.0210015e-02   5.8620041e-01   7.0209654e-02
   2.6495249e-03   0.0000000e+00   1.4167350e-04   9.8314497e-06   3.5870208e-08   3.4822482e-05   1.6778122e-03   1.1818280e-02   3.0523861e-07   3.1267134e-01   2.6229570e-04   7.4055912e-03   2.8035081e-07   1.4461860e-01   2.6497453e-03   1.2011960e-02   1.8968351e-01   3.6813634e-01   8.3843064e-04   8.7404386e-01   8.6815750e-01   3.7257824e-04   1.1277631e-04   8.4507938e-01   1.2078019e-01   2.9046919e-03   1.1559037e-01   2.9046962e-03   1.4622522e-01   2.9046872e-03
   7.0968590e-02   1.4167350e-04   0.0000000e+00   2.0274912e-03   3.2600406e-06   8.0455023e-06   2.0018086e-02   7.8022144e-01   6.4029321e-08   8.8926540e-01   8.5843115e-05   4.1649810e-02   6.6204743e-05   1.3771739e-01   1.9074991e-02   3.7614476e-02   1.1106754e-01   1.4035032e-01   1.4761088e-01   4.4074519e-01   4.3817484e-01   5.0975272e-03   5.5239342e-03   4.2078651e-01   6.4363832e-01   1.8978294e-01   6.2998967e-01   1.8978310e-01   7.0421540e-01   1.8978283e-01
   1.3514926e-04   9.8314497e-06   2.0274912e-03  6.0789625e-132   2.0931792e-04   7.7164232e-04   7.8224272e-03   1.7607106e-02   8.2550371e-06   2.7534127e-01   1.1579999e-02   9.1046827e-03   3.7819310e-04   1.0737668e-01   9.6055282e-03   3.3063024e-02   6.3194711e-01   8.1212458e-01   2.3045035e-02   6.2910866e-01   6.1890841e-01   2.2340049e-06   1.9271989e-16   6.2944691e-01   1.6942376e-01   1.6527249e-02   1.6152925e-01   1.6527274e-02   2.0794745e-01   1.6527193e-02
   1.1624744e-02   3.5870208e-08   3.2600406e-06   2.0931792e-04  1.6790920e-134   3.4146160e-10   3.8543465e-03   1.7385750e-01   2.6736568e-08   6.6585220e-01   3.9750993e-03   1.4578000e-02   3.0460438e-07   1.6330184e-01   1.3411747e-02   7.2322028e-02   7.0755558e-02   1.2899506e-01   1.5289384e-02   3.2804232e-01   3.2591925e-01   8.6371295e-04   1.4883567e-03   2.9685514e-01   5.4598621e-01   3.8869003e-02   5.2984824e-01   3.8869073e-02   6.1907995e-01   3.8868925e-02
   1.9207778e-02   3.4822482e-05   8.0455023e-06   7.7164232e-04   3.4146160e-10   0.0000000e+00   3.8342928e-03   2.2319196e-01   3.9668695e-08   7.3042793e-01   1.6183908e-02   1.0619833e-02   5.6741515e-06   5.8169837e-02   1.5443521e-02   1.2268983e-01   1.5927057e-01   1.9252873e-01   5.9686587e-02   3.7919950e-01   3.7771569e-01   6.0424474e-04   3.4427161e-03   3.3863160e-01   4.8783721e-01   8.2130557e-02   4.7297103e-01   8.2130659e-02   5.5536679e-01   8.2130458e-02
   1.4110927e-01   1.6778122e-03   2.0018086e-02   7.8224272e-03   3.8543465e-03   3.8342928e-03   0.0000000e+00   7.2363619e-02   4.7008766e-03   1.4108181e-01   5.0756657e-02   8.1742472e-10   1.0780672e-06   7.3631223e-07   3.9594399e-12   3.9763318e-06   1.0050869e-01   6.4072635e-02   5.2160696e-04   8.8639565e-01   8.9408876e-01   3.6203752e-06   1.5680070e-02   8.5781096e-01   6.8695629e-04   2.1085454e-06   5.6822850e-04   2.1085516e-06   1.5249700e-03   2.1085296e-06
   3.0712346e-02   1.1818280e-02   7.8022144e-01   1.7607106e-02   1.7385750e-01   2.2319196e-01   7.2363619e-02  1.6790920e-134   1.0455249e-01   6.3438122e-03   2.4350382e-01   1.2399681e-01   7.7758858e-02   2.8095970e-01   5.7516359e-02   1.3442801e-01   7.2588812e-01   5.6420426e-01   1.2200182e-02   9.7628519e-03   9.9062767e-03   5.5441345e-02   2.3374379e-02   1.1029891e-02   6.6598299e-04   8.3772785e-03   7.0605751e-04   8.3772459e-03   5.3492387e-04   8.3773323e-03
   8.1067404e-03   3.0523861e-07   6.4029321e-08   8.2550371e-06   2.6736568e-08   3.9668695e-08   4.7008766e-03   1.0455249e-01   0.0000000e+00   6.6767724e-01   4.5533506e-04   9.7562920e-03   5.0164685e-06   7.8549831e-02   7.0691263e-03   4.0814939e-02   1.6661271e-01   2.1953787e-01   3.1876981e-02   6.7095966e-01   6.6554960e-01   1.4598911e-04   6.6403051e-05   6.3241890e-01   2.6389286e-01   4.5638497e-02   2.5494091e-01   4.5638539e-02   3.0591435e-01   4.5638468e-02
   4.5279524e-01   3.1267134e-01   8.8926540e-01   2.7534127e-01   6.6585220e-01   7.3042793e-01   1.4108181e-01   6.3438122e-03   6.6767724e-01   0.0000000e+00   9.0176549e-01   1.3301843e-01   2.8896530e-01   3.0657515e-01   7.8581261e-02   1.2941243e-01   2.4850406e-01   2.1390119e-01   2.5656127e-01   1.3068234e-02   1.3077184e-02   1.4210892e-01   2.7956337e-01   1.2225883e-02   4.9070455e-03   1.2307351e-01   5.1834692e-03   1.2307325e-01   3.9487542e-03   1.2307399e-01
   4.2058533e-02   2.6229570e-04   8.5843115e-05   1.1579999e-02   3.9750993e-03   1.6183908e-02   5.0756657e-02   2.4350382e-01   4.5533506e-04   9.0176549e-01   0.0000000e+00   9.6827883e-02   2.2448860e-03   1.7484136e-01   1.8386250e-02   1.0371656e-02   2.8644192e-01   4.5516140e-01   4.8649877e-02   7.4562888e-01   7.4825283e-01   4.4063947e-02   1.9217401e-02   7.4227729e-01   1.7938678e-01   6.4512445e-02   1.7624882e-01   6.4512436e-02   1.9439387e-01   6.4512443e-02
   2.2290586e-01   7.4055912e-03   4.1649810e-02   9.1046827e-03   1.4578000e-02   1.0619833e-02   8.1742472e-10   1.2399681e-01   9.7562920e-03   1.3301843e-01   9.6827883e-02  6.0789625e-132   3.2720945e-05   1.1720453e-07   4.8074469e-09   2.8909979e-04   6.4189658e-02   5.4524327e-02   2.2905633e-02   9.2401643e-01   9.1595980e-01   3.2578082e-07   1.6282373e-02   9.7669995e-01   7.2634444e-04   6.0592298e-04   5.8613243e-04   6.0592405e-04   1.7658590e-03   6.0591961e-04
   5.1140023e-02   2.8035081e-07   6.6204743e-05   3.7819310e-04   3.0460438e-07   5.6741515e-06   1.0780672e-06   7.7758858e-02   5.0164685e-06   2.8896530e-01   2.2448860e-03   3.2720945e-05   0.0000000e+00   3.1367419e-03   8.2025454e-06   9.6541463e-04   7.7450897e-01   9.9901752e-01   8.6504125e-04   7.6076048e-01   7.5466490e-01   1.0351393e-05   2.0870724e-03   7.5254918e-01   3.9922266e-02   4.7836513e-04   3.6821192e-02   4.7836626e-04   5.6362838e-02   4.7836340e-04
   3.9178597e-01   1.4461860e-01   1.3771739e-01   1.0737668e-01   1.6330184e-01   5.8169837e-02   7.3631223e-07   2.8095970e-01   7.8549831e-02   3.0657515e-01   1.7484136e-01   1.1720453e-07   3.1367419e-03   0.0000000e+00   5.4090905e-07   2.1599787e-04   5.3540866e-03   6.1854326e-03   5.1920636e-02   7.9630420e-01   8.0216016e-01   3.0010591e-04   1.2102706e-01   7.5376404e-01   4.5429050e-04   1.4297321e-03   3.7430806e-04   1.4297326e-03   1.0258433e-03   1.4297283e-03
   1.4940848e-01   2.6497453e-03   1.9074991e-02   9.6055282e-03   1.3411747e-02   1.5443521e-02   3.9594399e-12   5.7516359e-02   7.0691263e-03   7.8581261e-02   1.8386250e-02   4.8074469e-09   8.2025454e-06   5.4090905e-07   0.0000000e+00   5.9936296e-08   8.0426772e-02   5.3839147e-02   1.2438385e-03   5.2114566e-01   5.2691454e-01   1.2700796e-05   1.6510872e-02   4.8192952e-01   6.1085095e-05   4.7194313e-06   4.8726426e-05   4.7194284e-06   1.5921966e-04   4.7194220e-06
   1.4117741e-01   1.2011960e-02   3.7614476e-02   3.3063024e-02   7.2322028e-02   1.2268983e-01   3.9763318e-06   1.3442801e-01   4.0814939e-02   1.2941243e-01   1.0371656e-02   2.8909979e-04   9.6541463e-04   2.1599787e-04   5.9936296e-08   0.0000000e+00   7.0188605e-02   3.2537397e-02   1.9526134e-04   3.7368287e-01   3.8022910e-01   2.3881621e-03   3.7665300e-02   3.4538512e-01   5.6411543e-04   8.8579825e-07   5.0465044e-04   8.8579704e-07   9.3199271e-04   8.8580113e-07
   4.3959335e-01   1.8968351e-01   1.1106754e-01   6.3194711e-01   7.0755558e-02   1.5927057e-01   1.0050869e-01   7.2588812e-01   1.6661271e-01   2.4850406e-01   2.8644192e-01   6.4189658e-02   7.7450897e-01   5.3540866e-03   8.0426772e-02   7.0188605e-02   0.0000000e+00   1.1122936e-13   6.3338257e-01   3.0349023e-01   3.0758574e-01   3.4629630e-01   7.8415107e-01   2.6307427e-01   9.0070237e-03   1.0739610e-01   8.7016818e-03   1.0739602e-01   1.0671638e-02   1.0739613e-01
   5.9926026e-01   3.6813634e-01   1.4035032e-01   8.1212458e-01   1.2899506e-01   1.9252873e-01   6.4072635e-02   5.6420426e-01   2.1953787e-01   2.1390119e-01   4.5516140e-01   5.4524327e-02   9.9901752e-01   6.1854326e-03   5.3839147e-02   3.2537397e-02   1.1122936e-13  1.6790920e-134   3.0460665e-01   3.1643353e-01   3.2155792e-01   2.8536253e-01   9.6375471e-01   2.8157322e-01   7.4509583e-03   3.5632530e-02   7.1599351e-03   3.5632503e-02   9.0464415e-03   3.5632538e-02
   6.0439488e-02   8.3843064e-04   1.4761088e-01   2.3045035e-02   1.5289384e-02   5.9686587e-02   5.2160696e-04   1.2200182e-02   3.1876981e-02   2.5656127e-01   4.8649877e-02   2.2905633e-02   8.6504125e-04   5.1920636e-02   1.2438385e-03   1.9526134e-04   6.3338257e-01   3.0460665e-01   0.0000000e+00   5.3623411e-01   5.4489265e-01   2.3369731e-02   3.3925491e-02   5.6228389e-01   2.7370454e-02   1.4369884e-09   2.6319570e-02   1.4369935e-09   3.2835310e-02   1.4369957e-09
   3.9971214e-01   8.7404386e-01   4.4074519e-01   6.2910866e-01   3.2804232e-01   3.7919950e-01   8.8639565e-01   9.7628519e-03   6.7095966e-01   1.3068234e-02   7.4562888e-01   9.2401643e-01   7.6076048e-01   7.9630420e-01   5.2114566e-01   3.7368287e-01   3.0349023e-01   3.1643353e-01   5.3623411e-01   0.0000000e+00   5.0758284e-35   7.0743757e-01   6.3235925e-01   3.0743943e-20   3.3769431e-03   4.1336565e-01   4.1424826e-03   4.1336454e-01   1.3060114e-03   4.1336796e-01
   4.0086834e-01   8.6815750e-01   4.3817484e-01   6.1890841e-01   3.2591925e-01   3.7771569e-01   8.9408876e-01   9.9062767e-03   6.6554960e-01   1.3077184e-02   7.4825283e-01   9.1595980e-01   7.5466490e-01   8.0216016e-01   5.2691454e-01   3.8022910e-01   3.0758574e-01   3.2155792e-01   5.4489265e-01   5.0758284e-35   0.0000000e+00   6.9594385e-01   6.2104105e-01   7.0480126e-20   3.4966806e-03   4.2134821e-01   4.2856389e-03   4.2134709e-01   1.3575766e-03   4.2135054e-01
   1.9010071e-02   3.7257824e-04   5.0975272e-03   2.2340049e-06   8.6371295e-04   6.0424474e-04   3.6203752e-06   5.5441345e-02   1.4598911e-04   1.4210892e-01   4.4063947e-02   3.2578082e-07   1.0351393e-05   3.0010591e-04   1.2700796e-05   2.3881621e-03   3.4629630e-01   2.8536253e-01   2.3369731e-02   7.0743757e-01   6.9594385e-01   0.0000000e+00   8.2785411e-06   7.2979245e-01   1.3790403e-02   2.1920486e-03   1.2231518e-02   2.1920534e-03   2.2898978e-02   2.1920364e-03
   9.4344731e-05   1.1277631e-04   5.5239342e-03   1.9271989e-16   1.4883567e-03   3.4427161e-03   1.5680070e-02   2.3374379e-02   6.6403051e-05   2.7956337e-01   1.9217401e-02   1.6282373e-02   2.0870724e-03   1.2102706e-01   1.6510872e-02   3.7665300e-02   7.8415107e-01   9.6375471e-01   3.3925491e-02   6.3235925e-01   6.2104105e-01   8.2785411e-06  1.6790920e-134   6.4295142e-01   1.8793524e-01   2.2281133e-02   1.7969766e-01   2.2281164e-02   2.2790686e-01   2.2281058e-02
   3.8045522e-01   8.4507938e-01   4.2078651e-01   6.2944691e-01   2.9685514e-01   3.3863160e-01   8.5781096e-01   1.1029891e-02   6.3241890e-01   1.2225883e-02   7.4227729e-01   9.7669995e-01   7.5254918e-01   7.5376404e-01   4.8192952e-01   3.4538512e-01   2.6307427e-01   2.8157322e-01   5.6228389e-01   3.0743943e-20   7.0480126e-20   7.2979245e-01   6.4295142e-01   0.0000000e+00   2.4865517e-03   4.0862578e-01   3.0700548e-03   4.0862468e-01   9.3412631e-04   4.0862802e-01
   5.2031556e-01   1.2078019e-01   6.4363832e-01   1.6942376e-01   5.4598621e-01   4.8783721e-01   6.8695629e-04   6.6598299e-04   2.6389286e-01   4.9070455e-03   1.7938678e-01   7.2634444e-04   3.9922266e-02   4.5429050e-04   6.1085095e-05   5.6411543e-04   9.0070237e-03   7.4509583e-03   2.7370454e-02   3.3769431e-03   3.4966806e-03   1.3790403e-02   1.8793524e-01   2.4865517e-03   0.0000000e+00   7.9058494e-04   4.4630840e-33   7.9057995e-04   3.1589942e-22   7.9059279e-04
   7.0209929e-02   2.9046919e-03   1.8978294e-01   1.6527249e-02   3.8869003e-02   8.2130557e-02   2.1085454e-06   8.3772785e-03   4.5638497e-02   1.2307351e-01   6.4512445e-02   6.0592298e-04   4.7836513e-04   1.4297321e-03   4.7194313e-06   8.8579825e-07   1.0739610e-01   3.5632530e-02   1.4369884e-09   4.1336565e-01   4.2134821e-01   2.1920486e-03   2.2281133e-02   4.0862578e-01   7.9058494e-04   0.0000000e+00   7.0867797e-04  8.4375781e-109   1.2937252e-03  1.7769843e-102
   5.0580127e-01   1.1559037e-01   6.2998967e-01   1.6152925e-01   5.2984824e-01   4.7297103e-01   5.6822850e-04   7.0605751e-04   2.5494091e-01   5.1834692e-03   1.7624882e-01   5.8613243e-04   3.6821192e-02   3.7430806e-04   4.8726426e-05   5.0465044e-04   8.7016818e-03   7.1599351e-03   2.6319570e-02   4.1424826e-03   4.2856389e-03   1.2231518e-02   1.7969766e-01   3.0700548e-03   4.4630840e-33   7.0867797e-04   0.0000000e+00   7.0867352e-04   1.0601056e-20   7.0868490e-04
   7.0210015e-02   2.9046962e-03   1.8978310e-01   1.6527274e-02   3.8869073e-02   8.2130659e-02   2.1085516e-06   8.3772459e-03   4.5638539e-02   1.2307325e-01   6.4512436e-02   6.0592405e-04   4.7836626e-04   1.4297326e-03   4.7194284e-06   8.8579704e-07   1.0739602e-01   3.5632503e-02   1.4369935e-09   4.1336454e-01   4.2134709e-01   2.1920534e-03   2.2281164e-02   4.0862468e-01   7.9057995e-04  8.4375781e-109   7.0867352e-04   0.0000000e+00   1.2937170e-03  3.5616955e-100
   5.8620041e-01   1.4622522e-01   7.0421540e-01   2.0794745e-01   6.1907995e-01   5.5536679e-01   1.5249700e-03   5.3492387e-04   3.0591435e-01   3.9487542e-03   1.9439387e-01   1.7658590e-03   5.6362838e-02   1.0258433e-03   1.5921966e-04   9.3199271e-04   1.0671638e-02   9.0464415e-03   3.2835310e-02   1.3060114e-03   1.3575766e-03   2.2898978e-02   2.2790686e-01   9.3412631e-04   3.1589942e-22   1.2937252e-03   1.0601056e-20   1.2937170e-03   0.0000000e+00   1.2937387e-03
   7.0209654e-02   2.9046872e-03   1.8978283e-01   1.6527193e-02   3.8868925e-02   8.2130458e-02   2.1085296e-06   8.3773323e-03   4.5638468e-02   1.2307399e-01   6.4512443e-02   6.0591961e-04   4.7836340e-04   1.4297283e-03   4.7194220e-06   8.8580113e-07   1.0739613e-01   3.5632538e-02   1.4369957e-09   4.1336796e-01   4.2135054e-01   2.1920364e-03   2.2281058e-02   4.0862802e-01   7.9059279e-04  1.7769843e-102   7.0868490e-04  3.5616955e-100   1.2937387e-03   0.0000000e+00
