  -2.6718391e-01  -4.5224440e-01  -4.8384404e-01  -2.6185251e-01  -2.8351623e-01  -2.9128053e-01  -7.6595925e-02  -4.4382979e-01   8.1946890e-02  -1.0727928e-01   2.9087996e-01   3.4164090e-01   3.2840168e-01   2.4350175e-01   1.2578894e-01  -1.1325092e-01   3.8198001e-01  -1.9434032e-01   3.1209964e-03   2.4213855e-01  -1.3441613e-01
   5.7068340e-01   6.9081666e-01   5.5106690e-01   5.4336799e-01   4.8934307e-01   5.0071630e-01   3.7958208e-01   6.8594590e-01   2.6707869e-01   4.1981849e-01   1.8194892e-02  -1.8166441e-01  -2.4483738e-01  -1.3092191e-02  -7.6633048e-02   2.4998819e-01  -2.2919475e-01   2.5409344e-01   2.4041462e-01  -3.7307145e-01   1.6893830e-01
   1.6602358e-01  -2.1275895e-01  -4.6444264e-01   5.0540848e-02  -3.2831018e-01  -3.1025586e-01   1.2622463e-01  -1.3953309e-01   8.4823080e-02  -8.6302304e-03   1.7571091e-01   2.3167424e-01   2.2956348e-01   1.8584371e-01   1.8563649e-01   1.3011193e-02   2.9196934e-01  -7.9841679e-02   1.0088415e-02  -1.0311869e-01  -3.5576684e-02
   2.2112583e-01   3.7590823e-01   4.2840268e-01   1.6252624e-01   3.6675905e-01   3.5064464e-01   1.9965986e-01   2.9931757e-01  -5.2915928e-02   3.5948420e-02  -1.5099230e-01  -3.2779054e-01  -3.6878020e-01  -2.5481391e-01  -2.3727696e-01  -6.2020417e-03  -2.1920937e-01   3.0446640e-02   2.9263056e-03  -4.4880208e-02   4.0952753e-02
  -1.4289583e-01  -1.0530650e-01   5.4919211e-03  -1.8775830e-01  -8.4254985e-02  -8.7391300e-02  -2.5321007e-01  -1.5977037e-01  -1.5019581e-01  -5.5256909e-02  -2.3016099e-01  -1.7054688e-01  -1.2747690e-01  -1.5587443e-01  -8.5130835e-02  -1.1834729e-01  -3.2222237e-01  -7.4938395e-02  -1.7405100e-01   1.8708240e-01  -3.5060882e-01
   3.1681786e-01   2.8766246e-01   8.9329876e-02   3.2137645e-01   3.1046112e-01   3.2955111e-01   4.9311447e-01   3.0714460e-01   2.3837585e-01   1.7486461e-01   2.5321403e-01   1.6604647e-01   1.1255854e-01   1.9075661e-01   1.8136638e-01   5.4805849e-02   3.3120285e-01   7.2194249e-02   2.3083992e-01  -7.9051776e-02   2.3620533e-01
  -3.8155591e-01  -5.3663095e-01  -5.0753087e-01  -3.6796093e-01  -3.1999585e-01  -3.3467459e-01  -1.5986523e-01  -5.3764486e-01  -5.4863435e-02  -2.5577849e-01   2.0155869e-01   2.7436556e-01   2.7663539e-01   1.4115064e-01   7.2824750e-02  -2.0379711e-01   3.6010492e-01  -2.6532610e-01  -9.9439952e-02   3.1243358e-01  -1.5124296e-01
   8.4139762e-02  -1.8800323e-02  -1.7793728e-01   1.1829022e-01   1.6949168e-01   1.5026812e-01   3.4030083e-01  -3.9665995e-02   3.1441144e-01   1.1453515e-01   4.8036894e-01   3.1501597e-01   2.1571387e-01   2.9295752e-01   4.8165507e-02  -5.1784532e-02   4.2684414e-01  -1.7031451e-01   1.7284033e-01   1.0129483e-01  -8.2284692e-02
  -3.8830823e-01  -5.5852239e-01  -5.2930052e-01  -4.0626893e-01  -3.4007029e-01  -3.5575540e-01  -1.7338623e-01  -5.6288305e-01  -7.0583275e-02  -2.7693755e-01   1.9633683e-01   2.6617777e-01   2.6792505e-01   1.2773787e-01   5.8611258e-02  -2.0511814e-01   3.7277418e-01  -2.6225444e-01  -9.6735468e-02   3.4125799e-01  -1.3827572e-01
   3.0989747e-01   2.1531482e-01  -1.4588712e-02   3.4107357e-01   3.5564090e-01   3.2941954e-01   5.5683118e-01   1.9257322e-01   4.3277265e-01   2.4840546e-01   5.5311818e-01   3.1189460e-01   1.8047544e-01   3.3334644e-01   8.0187349e-02   3.0368134e-02   4.3312175e-01  -8.8660208e-02   2.7619338e-01  -1.4470557e-02  -1.2999133e-04
