   2.6253429e-01  -3.0880867e-01  -7.3726338e-01  -7.4376570e-02  -3.5805437e-01  -3.3741560e-01   1.7397971e-01  -2.0938047e-01   3.5932080e-01   1.0966131e-01   5.9130847e-01   4.8587585e-01   3.9578709e-01   4.3087057e-01   1.4840013e-01   1.9223361e-01   6.8572880e-01   4.4466393e-02   3.5801054e-01   3.2062451e-01   1.0399902e-01
  -1.1208065e-01   4.8964571e-01   7.6783073e-01   4.6727022e-01   5.8927158e-01   5.7120515e-01   6.8999256e-02   4.6236880e-01  -1.6590637e-01   2.4773761e-03  -3.1907504e-01  -4.1369865e-01  -4.0672333e-01  -3.3620073e-01  -3.2428798e-01  -3.8396871e-02  -5.9616129e-01  -3.2129082e-02  -2.2717002e-01  -3.3852059e-01  -2.4977482e-01
  -3.7078549e-01  -1.4508263e-01   4.7951652e-02  -1.4448584e-03   1.5594826e-02  -2.9676641e-03  -2.6966353e-01  -1.6149403e-01  -2.6113959e-01  -2.2271145e-01  -2.3932372e-01  -1.1902815e-01  -5.6873620e-02  -1.6845170e-01   3.0279053e-02  -5.1205170e-01  -3.5035779e-01  -5.0273533e-01  -5.2733363e-01  -2.1455766e-01  -1.9617570e-01
  -1.9439279e-01   2.6879321e-01   5.5633711e-01   6.9225441e-02   3.5586120e-01   3.4398352e-01  -1.5781132e-01   2.0917040e-01  -1.0453660e-01   4.8469827e-02  -2.6402059e-01  -2.8737652e-01  -2.6562337e-01  -2.1846310e-01  -2.0576269e-01  -4.5175565e-04  -4.5344431e-01   6.2616060e-02  -8.9500788e-02   8.7365241e-03  -5.4361553e-02
   2.4551563e-01  -1.7612379e-01  -4.0849660e-01  -1.6872077e-01  -3.6226067e-01  -3.2614913e-01   8.1977295e-02  -1.0828927e-01   8.3608674e-02   3.4087960e-02   1.3191936e-01   8.1708959e-02   5.3205839e-02   7.7798467e-02  -2.9471769e-02   3.2128488e-01   3.1815656e-01   3.1168594e-01   3.2660543e-01   1.0965757e-01   1.7661571e-01
   1.9149829e-01  -2.1257846e-01  -4.3887546e-01  -1.9627375e-01  -3.4176617e-01  -3.1526357e-01   9.0959326e-02  -1.5774432e-01   2.2236611e-02  -4.3971585e-02   1.0339019e-01   4.7184894e-02   1.9426192e-02   2.4595841e-02  -6.7218851e-02   2.4746783e-01   3.1632112e-01   2.3344382e-01   2.5643459e-01   8.5128671e-02   1.6056722e-01
   2.5520063e-01   1.0227341e-01   6.5869927e-03   2.9040153e-01  -9.6881938e-02  -4.3270776e-02   2.5428024e-01   1.6641521e-01   4.1116065e-01   4.4621114e-01   2.7850517e-01   2.3698143e-01   1.9804597e-01   3.3595501e-01   1.4266815e-01   2.8475831e-01   1.7985997e-01   1.8820222e-01   3.2572892e-01  -4.1162701e-02  -4.6884671e-02
   1.6333863e-01   6.0546309e-01   7.5814243e-01   5.1207317e-01   5.2374549e-01   5.2657020e-01   2.2124473e-01   6.2283524e-01  -3.1572404e-02   1.6229933e-01  -2.4320087e-01  -4.1424364e-01  -4.3751679e-01  -2.8530680e-01  -4.0696953e-01   3.8111481e-01  -4.5334269e-01   3.8530861e-01   1.3402092e-01  -2.9566886e-01  -1.7290691e-01
  -3.1372011e-01   6.8450446e-02   3.3340316e-01   2.0757718e-01   1.9392008e-01   1.7529924e-01  -1.7951870e-01   6.4081776e-02  -2.3032992e-01  -1.3852355e-01  -2.7701844e-01  -2.0772448e-01  -1.5627882e-01  -2.1375752e-01  -6.1142088e-02  -3.4835355e-01  -4.6252662e-01  -3.5059946e-01  -4.5290297e-01  -3.2735091e-01  -2.5216108e-01
   2.6751824e-01   6.2695315e-01   7.2716693e-01   5.1323404e-01   5.0356262e-01   5.0926186e-01   2.7787078e-01   6.4471718e-01   2.7779492e-02   2.2199465e-01  -1.9996966e-01  -4.0359353e-01  -4.4167660e-01  -2.5737139e-01  -4.0115993e-01   4.3943899e-01  -3.9771255e-01   4.3839770e-01   2.1597760e-01  -2.8900902e-01  -1.5154268e-01
   1.4886317e-01   3.5193622e-01   2.3763700e-01   5.4327174e-01   2.9873495e-01   3.1373172e-01   1.3841421e-01   4.1069244e-01  -2.2835567e-02   1.3576970e-01  -2.1208242e-01  -1.8715173e-01  -1.5642033e-01  -1.0916355e-01  -6.1483752e-02  -8.8370691e-02  -4.5396262e-01  -1.6214781e-01  -2.4940059e-01  -4.6212037e-01  -2.5715041e-01
  -1.7278133e-01   4.8753386e-02   1.3291039e-01  -1.3101628e-01   2.4840350e-01   1.8982819e-01  -8.0938284e-02  -2.6907391e-02  -4.2193431e-01  -3.9487181e-01  -3.5586833e-01  -4.0149901e-01  -3.7998985e-01  -4.5350176e-01  -3.0677824e-01  -2.4624587e-01  -3.0811698e-01  -1.6063103e-01  -3.2072509e-01  -1.4087032e-01  -6.4636361e-02
   2.3333705e-01   1.1048200e-01   1.2290311e-02   2.9807244e-01  -1.5591047e-02   2.8387374e-02   2.7651471e-01   1.6130856e-01   4.4883550e-01   4.2985644e-01   3.7330731e-01   3.1439809e-01   2.6067764e-01   3.9372152e-01   1.9526552e-01   2.3314606e-01   2.5699288e-01   1.3849483e-01   3.2751245e-01   4.3555275e-02  -1.9254472e-02
  -2.0590810e-01  -2.0806850e-02   4.7280788e-02  -1.9826642e-01   2.2353971e-01   1.6003191e-01  -7.5403256e-02  -1.1733431e-01  -3.7680128e-01  -3.9656834e-01  -2.7358823e-01  -3.0362854e-01  -2.8744711e-01  -3.7440031e-01  -2.3988256e-01  -3.0271114e-01  -1.9741589e-01  -2.3920130e-01  -3.2460198e-01  -1.5180951e-02  -2.4858004e-02
  -1.5288244e-01   2.6568711e-02   1.2110069e-01  -2.4658518e-01   1.8211163e-01   1.3102017e-01  -1.9049150e-01  -6.1675331e-02  -3.4132649e-01  -3.2682249e-01  -2.9108767e-01  -2.7132178e-01  -2.3827002e-01  -3.2553390e-01  -1.4346161e-01  -1.8800297e-01  -2.3547249e-01  -6.9080811e-02  -2.2956807e-01   2.6393258e-02   4.7251577e-02
   1.8364211e-01   6.8732227e-02  -3.2197358e-02   3.6248088e-01  -1.3789992e-01  -9.6669822e-02   1.5957457e-01   1.6391303e-01   2.8737352e-01   3.7225142e-01   1.3250589e-01   1.4582705e-01   1.3970467e-01   2.3788274e-01   1.1234666e-01   2.3370311e-01  -2.9313030e-02   1.2564982e-01   1.5243780e-01  -2.3454282e-01  -1.3729329e-01
   4.4422127e-01   2.2171742e-01   8.5805811e-03   3.9706661e-01  -9.2156178e-02  -4.5741797e-02   3.7103310e-01   3.0858712e-01   4.1807763e-01   5.3895587e-01   1.8603630e-01   1.0326135e-01   6.1543871e-02   2.5679260e-01   1.2384268e-02   5.2922910e-01   6.1576792e-02   4.2473365e-01   4.4557348e-01  -1.4694689e-01  -1.0950263e-01
   4.8650807e-01   2.4015472e-01  -9.4237353e-03   3.9775836e-01  -8.1059891e-02  -4.1953148e-02   4.0103238e-01   3.2274951e-01   4.4484756e-01   5.6334040e-01   2.0744177e-01   1.2585047e-01   8.1830526e-02   2.8296809e-01   3.1803601e-02   5.8242832e-01   8.6645727e-02   4.7970335e-01   4.9024945e-01  -1.0557892e-01  -1.0535778e-01
   2.7828979e-01   2.6202001e-01   1.9073462e-01   4.3366743e-01   4.9091240e-02   1.0178020e-01   3.7476634e-01   3.1974879e-01   2.7222999e-01   4.2054057e-01   4.0180051e-02  -7.1989526e-02  -1.0733661e-01   7.6088732e-02  -1.5438706e-01   3.6842286e-01  -8.4428395e-02   2.6040138e-01   2.7292280e-01  -2.2720069e-01  -1.4482486e-01
   1.6340390e-01   1.0206407e-01   4.9186922e-02   1.6094066e-01  -3.2737683e-02  -1.6423416e-03   7.0184930e-02   1.2315868e-01   5.1333769e-01   5.2958705e-01   3.6716498e-01   4.7493928e-01   4.7155651e-01   5.5632447e-01   4.7269692e-01   3.1870513e-01   2.0144649e-01   3.1000384e-01   3.8631141e-01   3.0427970e-01   3.7683702e-02
   1.4403479e-01   6.9662851e-02   1.3247624e-02   1.3791863e-01  -6.1753563e-02  -2.9172387e-02   6.2817822e-02   8.8178691e-02   5.0003692e-01   5.2130450e-01   3.4908884e-01   4.7126855e-01   4.7383431e-01   5.5065466e-01   4.7592456e-01   2.9210080e-01   1.9727948e-01   2.8024303e-01   3.6152087e-01   3.0550660e-01   3.3444253e-02
   1.4943976e-01  -1.3386769e-01  -3.5576622e-01  -8.1532307e-02  -2.0759151e-01  -2.2252795e-01  -6.8406703e-02  -9.7058526e-02   2.3386525e-01   8.7415509e-02   3.3820162e-01   5.6742342e-01   5.9920366e-01   4.8984388e-01   6.4566882e-01   1.4579103e-01   4.0628672e-01   1.9029258e-01   1.8166269e-01   3.0631071e-01   1.7945238e-01
   3.4291624e-01  -6.2109906e-02  -3.6337646e-01   1.7122241e-01  -2.4222459e-01  -2.1343391e-01   2.5436786e-01   1.2068710e-02   4.7950395e-01   3.6955944e-01   4.9722260e-01   5.8138881e-01   5.5604073e-01   5.9170510e-01   5.2329657e-01   2.6814150e-01   5.0370821e-01   2.0927415e-01   3.7017728e-01   1.4995328e-01   2.5392130e-02
   3.2256004e-01   3.6827389e-01   3.2908252e-01   3.0755907e-01   2.3049463e-01   2.4597948e-01   1.7831931e-01   4.0291747e-01   4.7988815e-01   4.6793138e-01   3.9487591e-01   3.0855854e-01   2.4592607e-01   4.0135523e-01   2.1772924e-01   5.0595798e-01   1.8244058e-01   5.2275776e-01   5.3801474e-01   2.1360306e-01   5.7653488e-02
  -3.7972969e-01  -5.0848487e-01  -4.9731313e-01  -4.6599579e-01  -3.2852525e-01  -3.5399424e-01  -3.6620399e-01  -5.5129889e-01  -2.7965569e-01  -3.7977821e-01  -1.0761279e-01   9.7950100e-02   1.6792187e-01  -4.2103373e-02   2.0574233e-01  -5.3976157e-01   5.9912049e-02  -5.1032596e-01  -4.4764738e-01   1.4248594e-01   1.2044215e-01
   2.9064076e-01   2.8884522e-01   2.2382390e-01   4.6013706e-01   3.1533186e-02   8.5034527e-02   3.0140657e-01   3.6648450e-01   2.7495566e-01   4.4388779e-01   1.8016000e-02  -6.4355476e-02  -8.8018747e-02   8.9810831e-02  -1.2318781e-01   4.3489461e-01  -1.4146522e-01   3.3013767e-01   2.8416472e-01  -2.4485671e-01  -1.3869990e-01
  -3.7966597e-01  -5.1011944e-01  -4.9925231e-01  -4.6740792e-01  -3.3017100e-01  -3.5585327e-01  -3.7212857e-01  -5.5273239e-01  -2.6795416e-01  -3.7192186e-01  -9.4059961e-02   1.1624645e-01   1.8630157e-01  -2.4687454e-02   2.2487208e-01  -5.3733982e-01   6.9013658e-02  -5.0642278e-01  -4.4109373e-01   1.5543642e-01   1.2602635e-01
   2.9064193e-01   2.8884756e-01   2.2382683e-01   4.6013826e-01   3.1535611e-02   8.5036754e-02   3.0140566e-01   3.6648685e-01   2.7496038e-01   4.4389126e-01   1.8021174e-02  -6.4349401e-02  -8.8012899e-02   8.9816889e-02  -1.2318151e-01   4.3489715e-01  -1.4146230e-01   3.3014136e-01   2.8416873e-01  -2.4485228e-01  -1.3869945e-01
  -3.7664835e-01  -4.9786546e-01  -4.8585620e-01  -4.5652710e-01  -3.1923294e-01  -3.4363646e-01  -3.3900306e-01  -5.4113204e-01  -3.2432811e-01  -4.0829754e-01  -1.6099326e-01   2.3552778e-02   9.2518830e-02  -1.1182054e-01   1.2667467e-01  -5.4485292e-01   2.3048973e-02  -5.2171841e-01  -4.7003544e-01   8.9435689e-02   9.5935450e-02
   2.9062991e-01   2.8883116e-01   2.2380963e-01   4.6013093e-01   3.1520112e-02   8.5022297e-02   3.0140840e-01   3.6647051e-01   2.7492922e-01   4.4386860e-01   1.7986753e-02  -6.4385249e-02  -8.8045795e-02   8.9780429e-02  -1.2321570e-01   4.3487677e-01  -1.4148287e-01   3.3011523e-01   2.8413922e-01  -2.4488114e-01  -1.3871017e-01
