   4.2698900e-02  -4.7879727e-01  -7.7416310e-01  -2.4781388e-01  -4.7186258e-01  -4.6622623e-01  -2.0422991e-02  -3.9369889e-01   2.3134905e-01  -2.4060235e-02   4.9620966e-01   4.7252328e-01   4.1683561e-01   3.7703208e-01   1.6271948e-01   9.0076225e-02   6.3898482e-01  -4.0675183e-02   2.2596795e-01   3.2715848e-01   6.5389092e-03
   1.3601764e-01   7.3957323e-01   8.9055015e-01   6.4634979e-01   7.8038809e-01   7.7809614e-01   2.8584211e-01   7.0203657e-01  -5.1851577e-02   1.5158175e-01  -2.7812927e-01  -4.3510041e-01  -4.5229465e-01  -3.0574253e-01  -3.1572927e-01   4.8773799e-02  -6.0650493e-01   7.4860736e-02  -1.0299986e-01  -3.7596924e-01  -1.1410550e-01
  -2.2216974e-01   1.8775832e-02   1.4764452e-01   1.0304755e-01   1.2323154e-01   1.1994423e-01  -1.7471835e-01  -1.4033768e-02  -1.2762801e-01  -5.9273596e-02  -1.7737730e-01  -7.1284594e-02  -2.0565550e-02  -7.7131812e-02   1.2287038e-01  -4.6302988e-01  -3.6017867e-01  -4.3357146e-01  -4.3699609e-01  -2.2600946e-01   1.2286927e-02
  -9.8227127e-03   5.0421627e-01   7.3602828e-01   2.6810283e-01   5.2632069e-01   5.2653950e-01   1.9723898e-02   4.4094882e-01  -7.3050296e-02   1.3360767e-01  -3.0637228e-01  -3.6298973e-01  -3.4822274e-01  -2.5269058e-01  -2.1401298e-01   4.0548486e-02  -5.3128631e-01   1.2568314e-01  -5.5490532e-02  -8.8996617e-02   1.5248694e-02
  -1.3061111e-02  -5.0858572e-01  -6.4309676e-01  -4.0962329e-01  -6.1818630e-01  -6.0926417e-01  -1.7828626e-01  -4.2300544e-01   4.7792249e-02  -1.0351118e-01   2.3205912e-01   2.5974172e-01   2.4611308e-01   1.7852343e-01   6.1910318e-02   2.6558436e-01   4.6756365e-01   2.2566818e-01   2.6763833e-01   2.4073560e-01   1.1741364e-02
   2.3558009e-02  -4.4401181e-01  -6.0539426e-01  -3.5908690e-01  -5.1940590e-01  -5.1138153e-01  -9.6285699e-02  -3.7169672e-01   5.2068524e-02  -1.0277419e-01   2.3433037e-01   2.2631944e-01   2.0083043e-01   1.5154769e-01   2.1409417e-02   2.4897288e-01   4.6505160e-01   1.9824122e-01   2.6486885e-01   2.2590608e-01   2.2953815e-02
   3.5158303e-01   3.8148219e-01   2.8954803e-01   4.6988097e-01   1.9903018e-01   2.6119737e-01   3.5640300e-01   4.1609874e-01   3.7742849e-01   4.8567455e-01   1.6300104e-01   4.9946353e-02   6.3748938e-04   1.9641444e-01   4.4627894e-02   2.1104669e-01  -2.8808102e-02   1.4837320e-01   2.6054722e-01  -1.7249468e-01   1.2464997e-01
   2.1047087e-01   7.0209388e-01   8.2695008e-01   5.7259192e-01   6.5951104e-01   6.5353741e-01   2.8849135e-01   6.9925693e-01  -4.0196145e-02   1.5156754e-01  -2.4893976e-01  -4.4882764e-01  -4.8093102e-01  -3.1690448e-01  -4.1750768e-01   3.1434727e-01  -4.8891808e-01   3.3292852e-01   9.7082275e-02  -3.2363608e-01  -1.5311060e-01
  -9.1603986e-02   3.9139732e-01   5.7855415e-01   4.3070872e-01   4.6921296e-01   4.6697105e-01   3.2431562e-02   3.6655205e-01  -1.3553467e-01   2.2011423e-02  -2.8511701e-01  -3.1145097e-01  -2.8835464e-01  -2.4668329e-01  -1.4205899e-01  -2.6785221e-01  -5.6704777e-01  -2.5320089e-01  -3.5404756e-01  -4.1339873e-01  -1.0479328e-01
   2.7172574e-01   6.9343109e-01   8.0047073e-01   5.7295706e-01   5.8383441e-01   5.9601376e-01   3.2902708e-01   6.9682657e-01   2.4557771e-02   2.4254892e-01  -2.3555775e-01  -4.2385482e-01  -4.5459481e-01  -2.6731447e-01  -3.8018674e-01   3.9932125e-01  -4.6020653e-01   4.1364432e-01   1.8247201e-01  -3.2910259e-01  -1.2780414e-01
   2.0318838e-01   4.2850206e-01   3.0085902e-01   6.0004991e-01   3.4981262e-01   3.6955192e-01   1.7488351e-01   4.8581240e-01   1.3529696e-02   1.9371467e-01  -2.0895360e-01  -1.9184191e-01  -1.6351237e-01  -9.4383700e-02  -4.7012108e-02  -4.0321859e-02  -4.8507168e-01  -1.0043543e-01  -2.0793616e-01  -4.7830419e-01  -2.1486143e-01
  -2.5400035e-01  -2.1871982e-01  -1.8826504e-01  -2.8472962e-01  -4.5003900e-02  -8.1437438e-02  -1.2566490e-01  -2.6043500e-01  -4.4281963e-01  -4.5283704e-01  -3.2495647e-01  -3.2212590e-01  -2.8853652e-01  -4.0749194e-01  -3.1448569e-01  -2.6197592e-01  -1.6586047e-01  -2.1840307e-01  -3.2326938e-01  -5.9656610e-02  -1.4912915e-01
   3.3962218e-01   3.9711487e-01   3.1544643e-01   4.6675831e-01   2.6829171e-01   3.1085143e-01   3.4724033e-01   4.1475542e-01   4.1374023e-01   4.7662018e-01   2.4295701e-01   1.3899909e-01   8.3790974e-02   2.6599946e-01   1.4019760e-01   1.9594030e-01   3.4398514e-02   1.4305864e-01   2.6870005e-01  -7.5550116e-02   1.3383630e-01
  -2.5383530e-01  -1.6899386e-01  -1.2815830e-01  -2.5820483e-01   4.9654196e-02   1.1594563e-03  -9.3922717e-02  -2.3298910e-01  -4.2387556e-01  -4.5234712e-01  -2.9480468e-01  -2.9576544e-01  -2.6765480e-01  -3.8590316e-01  -2.8490760e-01  -2.9812363e-01  -1.5156054e-01  -2.5896288e-01  -3.4013708e-01  -7.0882726e-03  -1.6074251e-01
  -2.3251530e-01  -1.7939025e-01  -9.7659127e-02  -3.6831796e-01  -3.7376848e-02  -9.1872997e-02  -2.7054293e-01  -2.3928859e-01  -3.5069275e-01  -3.8221332e-01  -2.4083101e-01  -1.5909768e-01  -1.1190952e-01  -2.5199327e-01  -9.5270570e-02  -1.3526744e-01  -1.1640890e-01  -4.0070477e-02  -2.0597446e-01   1.0944748e-01  -9.7161458e-02
   2.5094319e-01   2.7549538e-01   1.5842573e-01   5.0042843e-01   1.2559359e-01   1.8816546e-01   3.2712296e-01   3.3703765e-01   2.9914444e-01   4.1733797e-01   1.0199754e-01   8.1827317e-03  -2.7051550e-02   1.4034299e-01  -2.2241014e-02   1.3769617e-01  -1.2456905e-01   4.3054905e-02   1.3319308e-01  -3.0736763e-01   1.9323170e-02
   4.7408491e-01   3.8038535e-01   1.6893289e-01   4.7977601e-01   1.2350012e-01   1.8931725e-01   4.4900351e-01   4.3309876e-01   4.2892440e-01   5.7613401e-01   1.6460627e-01  -2.9685025e-02  -1.0232348e-01   1.6061137e-01  -1.2928340e-01   3.9949376e-01  -5.0429769e-02   2.9954941e-01   3.9986994e-01  -2.4661426e-01   8.5913964e-02
   5.2656959e-01   4.3551250e-01   1.8540292e-01   5.1977407e-01   1.8289558e-01   2.4674838e-01   5.1646652e-01   4.8130499e-01   4.6502627e-01   6.1433342e-01   1.8771531e-01  -2.7757292e-02  -1.0952363e-01   1.7440465e-01  -1.4304684e-01   4.3661588e-01  -4.4062917e-02   3.3208818e-01   4.4165281e-01  -2.3090932e-01   8.1801251e-02
   3.9228381e-01   6.3328165e-01   4.5329942e-01   6.9146507e-01   5.8550518e-01   6.6507546e-01   6.2759090e-01   6.3490764e-01   2.7674228e-01   4.3187208e-01   3.2576600e-02  -2.0328123e-01  -2.7542578e-01  -2.7044185e-02  -2.5755984e-01   1.3502708e-01  -2.4850235e-01   7.7875526e-02   1.7990755e-01  -2.5946366e-01   9.3213865e-02
   1.8109432e-01   2.5661987e-01   2.9697050e-01   2.2394839e-01   1.5010767e-01   1.5399947e-01   8.4215256e-03   2.7352386e-01   4.5066839e-01   4.2075329e-01   3.7644028e-01   4.3466665e-01   4.1417409e-01   4.8877339e-01   4.5747608e-01   3.1945732e-01   1.7279588e-01   3.4156408e-01   3.6420875e-01   2.1987578e-01   1.3177893e-01
   1.7476770e-01   2.5103987e-01   2.9551157e-01   2.1513885e-01   1.4656996e-01   1.4956636e-01   1.5590349e-03   2.6558271e-01   4.4846047e-01   4.1710223e-01   3.7472397e-01   4.3975799e-01   4.2119265e-01   4.9173932e-01   4.6689485e-01   3.1146355e-01   1.7595045e-01   3.3339121e-01   3.5754000e-01   2.2309148e-01   1.3514037e-01
  -1.4256283e-01  -4.8378195e-01  -5.8241103e-01  -3.6633950e-01  -4.1681197e-01  -4.5515266e-01  -2.5726428e-01  -4.3545992e-01   4.6902568e-02  -2.2711050e-01   3.6504258e-01   4.9728684e-01   4.9935846e-01   3.3202544e-01   3.5285248e-01   4.0092871e-02   5.3106724e-01   1.9220936e-02   8.5068032e-02   3.0806191e-01  -6.5832563e-03
   1.5567345e-01  -3.0159762e-01  -5.2264279e-01  -4.1022122e-02  -4.0696350e-01  -4.0292893e-01   1.8599172e-02  -2.1413205e-01   3.8381123e-01   1.6090181e-01   5.6282477e-01   6.6154321e-01   6.3386235e-01   5.9014629e-01   5.3436455e-01   1.8120365e-01   6.2804272e-01   1.0052963e-01   2.8639026e-01   1.8256268e-01   3.9175790e-02
   2.2363908e-01   3.1608502e-01   3.4044410e-01   3.0854554e-01   1.9308610e-01   2.0302185e-01   6.2167627e-02   3.4886279e-01   4.4128133e-01   4.3963496e-01   3.4672598e-01   3.5311261e-01   3.2184956e-01   4.2849053e-01   3.5917531e-01   3.6330739e-01   1.0155943e-01   3.8339713e-01   3.8307234e-01   1.5071118e-01   8.6378393e-02
  -2.7604779e-01  -4.9554357e-01  -5.5667553e-01  -5.6824151e-01  -3.3385876e-01  -3.5370081e-01  -2.2710910e-01  -5.5067269e-01  -2.6423394e-01  -3.9336125e-01  -6.3525477e-02   3.6848788e-02   7.0327860e-02  -9.6137513e-02  -3.9991014e-03  -3.5083223e-01   2.2573896e-01  -3.3249911e-01  -2.3946282e-01   2.8986041e-01   1.0205821e-01
   3.6725308e-01   5.8037352e-01   4.6989559e-01   6.8090565e-01   4.3172824e-01   5.0754953e-01   5.0048102e-01   6.1768801e-01   2.5387811e-01   4.5260765e-01  -3.3268110e-02  -2.2932350e-01  -2.8197807e-01  -4.1623110e-02  -2.5853139e-01   2.3370574e-01  -3.0955072e-01   1.5652147e-01   1.8013691e-01  -3.4978203e-01   2.9291594e-02
  -2.7609641e-01  -5.0023252e-01  -5.6300529e-01  -5.7578232e-01  -3.3802966e-01  -3.5813084e-01  -2.3246899e-01  -5.5584509e-01  -2.5389258e-01  -3.8828330e-01  -4.9530945e-02   5.4679602e-02   8.7877913e-02  -7.9991174e-02   1.2054645e-02  -3.4721165e-01   2.3978948e-01  -3.2734406e-01  -2.3056905e-01   3.0785842e-01   1.0984461e-01
   3.6725352e-01   5.8037399e-01   4.6989656e-01   6.8090581e-01   4.3172832e-01   5.0754946e-01   5.0048004e-01   6.1768857e-01   2.5388045e-01   4.5260937e-01  -3.3265550e-02  -2.2932026e-01  -2.8197489e-01  -4.1619927e-02  -2.5852806e-01   2.3370756e-01  -3.0954912e-01   1.5652367e-01   1.8013904e-01  -3.4977977e-01   2.9291928e-02
  -2.7407981e-01  -4.7500576e-01  -5.2975300e-01  -5.3620618e-01  -3.1620284e-01  -3.3495142e-01  -2.0514733e-01  -5.2790303e-01  -3.0181418e-01  -4.1035766e-01  -1.1603029e-01  -3.0994170e-02   3.2742844e-03  -1.5682624e-01  -6.5242512e-02  -3.6235496e-01   1.7150521e-01  -3.5023456e-01  -2.7166038e-01   2.1945425e-01   7.1011865e-02
   3.6725071e-01   5.8037159e-01   4.6989190e-01   6.8090534e-01   4.3172820e-01   5.0755012e-01   5.0048542e-01   6.1768556e-01   2.5386684e-01   4.5259936e-01  -3.3280401e-02  -2.2933873e-01  -2.8199297e-01  -4.1638170e-02  -2.5854692e-01   2.3369709e-01  -3.0955918e-01   1.5651102e-01   1.8012645e-01  -3.4979254e-01   2.9288903e-02
