   1.0000000e+00  -7.3473042e-01  -2.4160967e-01  -8.5569597e-01   6.8306360e-01   7.0329595e-01  -3.3106504e-01  -6.3019929e-01  -5.0479825e-01  -6.5036808e-01  -8.5127429e-02   2.7290537e-01  -3.5155873e-01   2.2965224e-01   7.4663070e-02  -3.8309906e-02  -1.1551331e-01  -1.0135916e-01  -2.7165766e-01  -3.7484320e-01  -3.7620580e-01   7.6785703e-01   6.2970308e-01  -3.8645667e-01   4.3911879e-01  -3.2267729e-01   4.3921246e-01  -3.2267901e-01   4.3744062e-01  -3.2266969e-01
  -7.3473042e-01   1.0000000e+00   3.5985744e-01   7.7455699e-01  -7.7619591e-01  -7.7312694e-01   4.3109330e-01   8.4688709e-01   7.8665328e-01   7.6669606e-01   4.3247431e-01  -3.1054070e-01   4.7509086e-01  -2.4379755e-01  -2.9025318e-01   3.3925838e-01   2.5896216e-01   2.5881740e-01   5.5186565e-01   3.8013548e-01   3.7216948e-01  -6.7842526e-01  -4.8197200e-01   4.6209562e-01  -6.7317063e-01   5.9345317e-01  -6.7820214e-01   5.9345466e-01  -6.5073376e-01   5.9344700e-01
  -2.4160967e-01   3.5985744e-01   1.0000000e+00   2.3958079e-01  -7.1004289e-01  -7.5387025e-01   3.2238820e-01  -1.3998140e-01   8.3970606e-01  -2.5433478e-01   5.5474735e-01  -2.6834516e-01   3.8228859e-01  -2.1547074e-01  -4.0495271e-01   4.8089582e-01   6.4066955e-02   9.9690018e-03   2.3670401e-01   1.9415447e-01   1.9427801e-01  -3.7720058e-01  -6.0182115e-02   2.0400868e-01  -2.1058510e-01   2.4998794e-01  -2.0991482e-01   2.4998862e-01  -2.1265391e-01   2.4998492e-01
  -8.5569597e-01   7.7455699e-01   2.3958079e-01   1.0000000e+00  -6.6030771e-01  -6.8856411e-01   3.3414557e-01   6.9295352e-01   5.4887437e-01   6.6967247e-01   1.9495315e-02  -2.9989175e-01   3.5098687e-01  -2.5480311e-01  -1.3711895e-01   1.1546079e-01   1.9573810e-01   1.9208572e-01   3.5397188e-01   4.4624836e-01   4.4349438e-01  -7.9118029e-01  -7.5526458e-01   4.8242607e-01  -4.8080000e-01   3.9820739e-01  -4.7815905e-01   3.9820954e-01  -4.8922452e-01   3.9819777e-01
   6.8306360e-01  -7.7619591e-01  -7.1004289e-01  -6.6030771e-01   1.0000000e+00   9.7914873e-01  -4.6096553e-01  -3.6397596e-01  -8.4307393e-01  -2.7462336e-01  -4.4860837e-01   3.6832915e-01  -5.6608132e-01   2.4145757e-01   3.6834736e-01  -3.4559241e-01  -1.1200123e-01  -9.9743189e-02  -4.8304871e-01  -3.8314214e-01  -3.8702317e-01   7.1025097e-01   3.8258353e-01  -3.6909464e-01   3.7325067e-01  -4.3541951e-01   3.7138062e-01  -4.3542075e-01   3.7895318e-01  -4.3541356e-01
   7.0329595e-01  -7.7312694e-01  -7.5387025e-01  -6.8856411e-01   9.7914873e-01   1.0000000e+00  -5.3021136e-01  -3.7222539e-01  -8.8187033e-01  -2.8952445e-01  -4.2656428e-01   4.6432840e-01  -6.2220764e-01   3.5645302e-01   4.4956311e-01  -4.1995433e-01  -1.9409562e-01  -1.6719123e-01  -4.4486347e-01  -4.7608759e-01  -4.7771785e-01   7.3846974e-01   3.4506992e-01  -4.7606463e-01   4.7426115e-01  -4.6278894e-01   4.7137527e-01  -4.6279088e-01   4.8342205e-01  -4.6277996e-01
  -3.3106504e-01   4.3109330e-01   3.2238820e-01   3.3414557e-01  -4.6096553e-01  -5.3021136e-01   1.0000000e+00   2.4430969e-01   4.6902130e-01   3.5709694e-01   2.1341893e-01  -9.0267795e-01   9.6328690e-01  -9.0290060e-01  -9.3744280e-01   8.3806747e-01   8.1025761e-01   7.6454403e-01   6.9840246e-01   6.7701997e-01   6.7162868e-01  -6.5949274e-01   1.6334283e-01   7.0938078e-01  -7.4083387e-01   8.3666699e-01  -7.3656808e-01   8.3666949e-01  -7.5312163e-01   8.3665502e-01
  -6.3019929e-01   8.4688709e-01  -1.3998140e-01   6.9295352e-01  -3.6397596e-01  -3.7222539e-01   2.4430969e-01   1.0000000e+00   4.0478422e-01   9.6363196e-01   1.8185422e-01  -1.6173964e-01   2.3469596e-01  -1.5166124e-01  -7.3887408e-02   1.2293553e-01   2.6988467e-01   2.8934978e-01   3.6120615e-01   2.8733174e-01   2.7581097e-01  -4.8652565e-01  -4.8408466e-01   3.9354509e-01  -6.5460007e-01   4.6714291e-01  -6.6175762e-01   4.6714427e-01  -6.2389928e-01   4.6713740e-01
  -5.0479825e-01   7.8665328e-01   8.3970606e-01   5.4887437e-01  -8.4307393e-01  -8.8187033e-01   4.6902130e-01   4.0478422e-01   1.0000000e+00   2.8149018e-01   6.3376633e-01  -3.5980883e-01   5.1471751e-01  -3.0439662e-01  -4.7511777e-01   5.7018344e-01   2.4419143e-01   2.0425002e-01   4.6275430e-01   3.2866362e-01   3.2238036e-01  -5.9853050e-01  -2.6687482e-01   3.9649338e-01  -5.6637955e-01   5.3211403e-01  -5.7040201e-01   5.3211521e-01  -5.4846252e-01   5.3210902e-01
  -6.5036808e-01   7.6669606e-01  -2.5433478e-01   6.6967247e-01  -2.7462336e-01  -2.8952445e-01   3.5709694e-01   9.6363196e-01   2.8149018e-01   1.0000000e+00   8.8244999e-02  -2.5990524e-01   3.1161528e-01  -2.7282608e-01  -1.4663726e-01   1.7348919e-01   4.0005224e-01   4.1637801e-01   4.2114636e-01   3.3299312e-01   3.2224923e-01  -5.3703020e-01  -4.3777700e-01   4.3186938e-01  -6.8391162e-01   5.4447632e-01  -6.9040119e-01   5.4447775e-01  -6.5558147e-01   5.4447048e-01
  -8.5127429e-02   4.3247431e-01   5.5474735e-01   1.9495315e-02  -4.4860837e-01  -4.2656428e-01   2.1341893e-01   1.8185422e-01   6.3376633e-01   8.8244999e-02   1.0000000e+00  -5.3037328e-02   1.9595159e-01  -5.5611085e-02  -2.3076763e-01   4.6247555e-01   1.5953806e-01   1.5516672e-01   3.7673830e-01  -4.6541963e-02  -5.0141019e-02  -1.6472860e-01   5.3654117e-02   8.3809113e-03  -2.8655255e-01   4.0035699e-01  -2.9713675e-01   4.0035570e-01  -2.4429420e-01   4.0036258e-01
   2.7290537e-01  -3.1054070e-01  -2.6834516e-01  -2.9989175e-01   3.6832915e-01   4.6432840e-01  -9.0267795e-01  -1.6173964e-01  -3.5980883e-01  -2.5990524e-01  -5.3037328e-02   1.0000000e+00  -9.3268142e-01   9.7749371e-01   8.7214069e-01  -6.4568107e-01  -6.1070963e-01  -5.4893348e-01  -3.9385554e-01  -9.0105601e-01  -8.9906815e-01   4.4547512e-01  -3.3795913e-01  -8.9492027e-01   7.5408673e-01  -5.7003493e-01   7.4197042e-01  -5.7003950e-01   7.9614479e-01  -5.7001346e-01
  -3.5155873e-01   4.7509086e-01   3.8228859e-01   3.5098687e-01  -5.6608132e-01  -6.2220764e-01   9.6328690e-01   2.3469596e-01   5.1471751e-01   3.1161528e-01   1.9595159e-01  -9.3268142e-01   1.0000000e+00  -8.8404817e-01  -9.1669395e-01   7.4470487e-01   6.6014362e-01   6.1254693e-01   6.1076394e-01   7.6830074e-01   7.6508771e-01  -6.1582316e-01   2.1072790e-01   7.7909864e-01  -7.3474952e-01   7.2353318e-01  -7.2712229e-01   7.2353649e-01  -7.5985828e-01   7.2351740e-01
   2.2965224e-01  -2.4379755e-01  -2.1547074e-01  -2.5480311e-01   2.4145757e-01   3.5645302e-01  -9.0290060e-01  -1.5166124e-01  -3.0439662e-01  -2.7282608e-01  -5.5611085e-02   9.7749371e-01  -8.8404817e-01   1.0000000e+00   8.7190627e-01  -6.9010909e-01  -6.8976741e-01  -6.2298582e-01  -3.9409745e-01  -8.4939346e-01  -8.4473643e-01   4.2298345e-01  -3.4897223e-01  -8.6439305e-01   7.7041621e-01  -6.0376850e-01   7.6022864e-01  -6.0377275e-01   8.0504698e-01  -6.0374852e-01
   7.4663070e-02  -2.9025318e-01  -4.0495271e-01  -1.3711895e-01   3.6834736e-01   4.4956311e-01  -9.3744280e-01  -7.3887408e-02  -4.7511777e-01  -1.4663726e-01  -2.3076763e-01   8.7214069e-01  -9.1669395e-01   8.7190627e-01   1.0000000e+00  -8.9767308e-01  -7.5615872e-01  -6.9932699e-01  -5.9788753e-01  -6.1866654e-01  -6.1229213e-01   4.8259006e-01  -3.3793735e-01  -6.5345900e-01   6.7864152e-01  -7.5470127e-01   6.7434963e-01  -7.5470361e-01   6.9120181e-01  -7.5468995e-01
  -3.8309906e-02   3.3925838e-01   4.8089582e-01   1.1546079e-01  -3.4559241e-01  -4.1995433e-01   8.3806747e-01   1.2293553e-01   5.7018344e-01   1.7348919e-01   4.6247555e-01  -6.4568107e-01   7.4470487e-01  -6.9010909e-01  -8.9767308e-01   1.0000000e+00   8.4779621e-01   8.1132282e-01   7.1716404e-01   3.5480549e-01   3.4467649e-01  -4.9686023e-01   1.9566418e-01   4.3367952e-01  -6.2626387e-01   8.6409051e-01  -6.3002753e-01   8.6409100e-01  -6.0845531e-01   8.6408800e-01
  -1.1551331e-01   2.5896216e-01   6.4066955e-02   1.9573810e-01  -1.1200123e-01  -1.9409562e-01   8.1025761e-01   2.6988467e-01   2.4419143e-01   4.0005224e-01   1.5953806e-01  -6.1070963e-01   6.6014362e-01  -6.8976741e-01  -7.5615872e-01   8.4779621e-01   1.0000000e+00   9.9261799e-01   6.7819888e-01   3.4602805e-01   3.3502067e-01  -5.4328188e-01   6.5658385e-02   4.2980907e-01  -6.1548955e-01   8.5596791e-01  -6.1900759e-01   8.5596844e-01  -5.9872299e-01   8.5596540e-01
  -1.0135916e-01   2.5881740e-01   9.9690018e-03   1.9208572e-01  -9.9743189e-02  -1.6719123e-01   7.6454403e-01   2.8934978e-01   2.0425002e-01   4.1637801e-01   1.5516672e-01  -5.4893348e-01   6.1254693e-01  -6.2298582e-01  -6.9932699e-01   8.1132282e-01   9.9261799e-01   1.0000000e+00   6.9588586e-01   2.9590938e-01   2.8538053e-01  -5.2720682e-01   3.1460905e-02   3.7750049e-01  -5.6952337e-01   8.4852464e-01  -5.7367924e-01   8.4852484e-01  -5.5055388e-01   8.4852370e-01
  -2.7165766e-01   5.5186565e-01   2.3670401e-01   3.5397188e-01  -4.8304871e-01  -4.4486347e-01   6.9840246e-01   3.6120615e-01   4.6275430e-01   4.2114636e-01   3.7673830e-01  -3.9385554e-01   6.1076394e-01  -3.9409745e-01  -5.9788753e-01   7.1716404e-01   6.7819888e-01   6.9588586e-01   1.0000000e+00   1.7397686e-01   1.6712923e-01  -6.3590685e-01  -2.0376784e-01   2.3476547e-01  -4.2373024e-01   9.2013465e-01  -4.2903552e-01   9.2013364e-01  -4.0128199e-01   9.2013917e-01
  -3.7484320e-01   3.8013548e-01   1.9415447e-01   4.4624836e-01  -3.8314214e-01  -4.7608759e-01   6.7701997e-01   2.8733174e-01   3.2866362e-01   3.3299312e-01  -4.6541963e-02  -9.0105601e-01   7.6830074e-01  -8.4939346e-01  -6.1866654e-01   3.5480549e-01   3.4602805e-01   2.9590938e-01   1.7397686e-01   1.0000000e+00   9.9963847e-01  -3.2182572e-01   2.3634005e-01   9.7827936e-01  -7.3657740e-01   3.2635144e-01  -7.2026323e-01   3.2635731e-01  -7.9484328e-01   3.2632425e-01
  -3.7620580e-01   3.7216948e-01   1.9427801e-01   4.4349438e-01  -3.8702317e-01  -4.7771785e-01   6.7162868e-01   2.7581097e-01   3.2238036e-01   3.2224923e-01  -5.0141019e-02  -8.9906815e-01   7.6508771e-01  -8.4473643e-01  -6.1229213e-01   3.4467649e-01   3.3502067e-01   2.8538053e-01   1.6712923e-01   9.9963847e-01   1.0000000e+00  -3.1804841e-01   2.3748368e-01   9.7255373e-01  -7.2289235e-01   3.1582486e-01  -7.0633352e-01   3.1583071e-01  -7.8216144e-01   3.1579770e-01
   7.6785703e-01  -6.7842526e-01  -3.7720058e-01  -7.9118029e-01   7.1025097e-01   7.3846974e-01  -6.5949274e-01  -4.8652565e-01  -5.9853050e-01  -5.3703020e-01  -1.6472860e-01   4.4547512e-01  -6.1582316e-01   4.2298345e-01   4.8259006e-01  -4.9686023e-01  -5.4328188e-01  -5.2720682e-01  -6.3590685e-01  -3.2182572e-01  -3.1804841e-01   1.0000000e+00   5.9861594e-01  -3.6872125e-01   4.8576106e-01  -6.9969575e-01   4.8811443e-01  -6.9969622e-01   4.7499631e-01  -6.9969333e-01
   6.2970308e-01  -4.8197200e-01  -6.0182115e-02  -7.5526458e-01   3.8258353e-01   3.4506992e-01   1.6334283e-01  -4.8408466e-01  -2.6687482e-01  -4.3777700e-01   5.3654117e-02  -3.3795913e-01   2.1072790e-01  -3.4897223e-01  -3.3793735e-01   1.9566418e-01   6.5658385e-02   3.1460905e-02  -2.0376784e-01   2.3634005e-01   2.3748368e-01   5.9861594e-01   1.0000000e+00   1.9682999e-01  -7.7483883e-02  -1.3060601e-01  -7.0473418e-02  -1.3060419e-01  -1.0279442e-01  -1.3061467e-01
  -3.8645667e-01   4.6209562e-01   2.0400868e-01   4.8242607e-01  -3.6909464e-01  -4.7606463e-01   7.0938078e-01   3.9354509e-01   3.9649338e-01   4.3186938e-01   8.3809113e-03  -8.9492027e-01   7.7909864e-01  -8.6439305e-01  -6.5345900e-01   4.3367952e-01   4.2980907e-01   3.7750049e-01   2.3476547e-01   9.7827936e-01   9.7255373e-01  -3.6872125e-01   1.9682999e-01   1.0000000e+00  -8.4163957e-01   4.1637742e-01  -8.2827274e-01   4.1638320e-01  -8.8814147e-01   4.1635092e-01
   4.3911879e-01  -6.7317063e-01  -2.1058510e-01  -4.8080000e-01   3.7325067e-01   4.7426115e-01  -7.4083387e-01  -6.5460007e-01  -5.6637955e-01  -6.8391162e-01  -2.8655255e-01   7.5408673e-01  -7.3474952e-01   7.7041621e-01   6.7864152e-01  -6.2626387e-01  -6.1548955e-01  -5.6952337e-01  -4.2373024e-01  -7.3657740e-01  -7.2289235e-01   4.8576106e-01  -7.7483883e-02  -8.4163957e-01   1.0000000e+00  -6.6301518e-01   9.9970348e-01  -6.6301913e-01   9.9566300e-01  -6.6299763e-01
  -3.2267729e-01   5.9345317e-01   2.4998794e-01   3.9820739e-01  -4.3541951e-01  -4.6278894e-01   8.3666699e-01   4.6714291e-01   5.3211403e-01   5.4447632e-01   4.0035699e-01  -5.7003493e-01   7.2353318e-01  -6.0376850e-01  -7.5470127e-01   8.6409051e-01   8.5596791e-01   8.4852464e-01   9.2013465e-01   3.2635144e-01   3.1582486e-01  -6.9969575e-01  -1.3060601e-01   4.1637742e-01  -6.6301518e-01   1.0000000e+00  -6.6912459e-01   1.0000000e+00  -6.3620959e-01   1.0000000e+00
   4.3921246e-01  -6.7820214e-01  -2.0991482e-01  -4.7815905e-01   3.7138062e-01   4.7137527e-01  -7.3656808e-01  -6.6175762e-01  -5.7040201e-01  -6.9040119e-01  -2.9713675e-01   7.4197042e-01  -7.2712229e-01   7.6022864e-01   6.7434963e-01  -6.3002753e-01  -6.1900759e-01  -5.7367924e-01  -4.2903552e-01  -7.2026323e-01  -7.0633352e-01   4.8811443e-01  -7.0473418e-02  -8.2827274e-01   9.9970348e-01  -6.6912459e-01   1.0000000e+00  -6.6912842e-01   9.9310298e-01  -6.6910757e-01
  -3.2267901e-01   5.9345466e-01   2.4998862e-01   3.9820954e-01  -4.3542075e-01  -4.6279088e-01   8.3666949e-01   4.6714427e-01   5.3211521e-01   5.4447775e-01   4.0035570e-01  -5.7003950e-01   7.2353649e-01  -6.0377275e-01  -7.5470361e-01   8.6409100e-01   8.5596844e-01   8.4852484e-01   9.2013364e-01   3.2635731e-01   3.1583071e-01  -6.9969622e-01  -1.3060419e-01   4.1638320e-01  -6.6301913e-01   1.0000000e+00  -6.6912842e-01   1.0000000e+00  -6.3621394e-01   1.0000000e+00
   4.3744062e-01  -6.5073376e-01  -2.1265391e-01  -4.8922452e-01   3.7895318e-01   4.8342205e-01  -7.5312163e-01  -6.2389928e-01  -5.4846252e-01  -6.5558147e-01  -2.4429420e-01   7.9614479e-01  -7.5985828e-01   8.0504698e-01   6.9120181e-01  -6.0845531e-01  -5.9872299e-01  -5.5055388e-01  -4.0128199e-01  -7.9484328e-01  -7.8216144e-01   4.7499631e-01  -1.0279442e-01  -8.8814147e-01   9.9566300e-01  -6.3620959e-01   9.9310298e-01  -6.3621394e-01   1.0000000e+00  -6.3619010e-01
  -3.2266969e-01   5.9344700e-01   2.4998492e-01   3.9819777e-01  -4.3541356e-01  -4.6277996e-01   8.3665502e-01   4.6713740e-01   5.3210902e-01   5.4447048e-01   4.0036258e-01  -5.7001346e-01   7.2351740e-01  -6.0374852e-01  -7.5468995e-01   8.6408800e-01   8.5596540e-01   8.4852370e-01   9.2013917e-01   3.2632425e-01   3.1579770e-01  -6.9969333e-01  -1.3061467e-01   4.1635092e-01  -6.6299763e-01   1.0000000e+00  -6.6910757e-01   1.0000000e+00  -6.3619010e-01   1.0000000e+00
