   9.3326290e-01   9.1805201e-01  -5.4976042e-01   6.8133415e-01   3.2637896e-01   4.1213338e-01   5.6132964e-01   7.5218915e-01   9.3440999e-01   8.8989017e-01   4.7354952e-01   7.7311034e-01   7.1411482e-01   8.9107692e-01  -1.9564387e-01   7.7360056e-01   2.7474166e-01   5.4728934e-01   7.9400249e-01  -1.9254472e-01  -4.0517661e-02
  -5.8515894e-01  -5.5104131e-01   4.9238682e-01  -4.4938806e-01  -1.2804399e-02  -1.1295646e-01  -3.0127068e-01  -5.9290108e-01  -5.8209264e-01  -5.9329469e-01  -2.2638506e-01  -4.8330828e-01  -5.0080630e-01  -5.6775179e-01   1.1876971e-01  -6.5768020e-01  -1.8516296e-01  -6.4573518e-01  -6.8876507e-01  -1.8856850e-01  -2.7407393e-01
  -4.8125422e-01  -4.4810780e-01   5.0231760e-01  -2.0478969e-01   1.0056973e-01   1.4384790e-02  -1.5329430e-01  -3.8112561e-01  -4.7794147e-01  -5.7849315e-01  -2.0443640e-03  -4.0953050e-01  -5.6403723e-01  -5.2576712e-01  -9.2657510e-02  -6.5355368e-01  -3.3786031e-02  -7.0910064e-01  -6.5536110e-01  -4.1462448e-01  -1.7781885e-01
  -8.1175533e-01  -7.8190247e-01   5.8278331e-01  -5.4126342e-01  -1.1047447e-01  -1.9560087e-01  -3.5781156e-01  -6.7532196e-01  -8.0589259e-01  -7.9814554e-01  -3.5164995e-01  -7.0671281e-01  -7.0260479e-01  -8.1392518e-01   8.7727821e-02  -7.6587108e-01  -2.1142569e-01  -6.7470995e-01  -8.3843926e-01   1.3751484e-02  -1.2525693e-01
   5.5123252e-01   5.2817738e-01  -4.0213288e-01   3.1197595e-01   6.5955303e-02   1.4016416e-01   2.5866430e-01   4.6050902e-01   5.4532420e-01   6.5130386e-01   1.5190125e-02   4.4802831e-01   5.8475434e-01   5.9174839e-01   3.5292219e-02   7.6081196e-01   5.5938093e-02   7.2754226e-01   6.6451574e-01   2.6092140e-01   1.2339226e-01
   5.1622931e-01   4.9868887e-01  -3.4554970e-01   1.9939629e-01   9.2196380e-02   1.2548646e-01   1.9762001e-01   3.4236190e-01   5.0560239e-01   6.2370739e-01  -2.7981518e-02   4.4990948e-01   6.0929128e-01   5.8144081e-01   9.5336543e-02   7.0293776e-01  -7.3386692e-04   6.4882116e-01   5.8838678e-01   1.9713534e-01   4.5277138e-02
  -5.6289082e-01  -5.2602591e-01   3.8944404e-01  -3.7223767e-01  -3.2279724e-02  -3.1610195e-02  -2.0949442e-01  -5.0198608e-01  -5.5273323e-01  -4.9593779e-01  -3.5399113e-01  -5.9417068e-01  -5.3003531e-01  -5.9039483e-01   5.3009633e-03  -5.6245500e-01  -2.5098664e-01  -5.2214711e-01  -6.5324909e-01  -4.2212042e-02  -3.3490926e-01
  -5.8415789e-01  -5.4385946e-01   4.2695212e-01  -5.8418160e-01  -9.4211111e-02  -1.6600821e-01  -3.8440095e-01  -6.3550423e-01  -5.8190703e-01  -4.6670468e-01  -4.7130312e-01  -5.1560662e-01  -3.4534817e-01  -5.2565514e-01   2.8954814e-01  -4.0475909e-01  -3.0892526e-01  -2.7687213e-01  -5.0500118e-01   3.2378873e-01  -2.6352362e-01
  -5.9667075e-01  -5.6796154e-01   4.9081752e-01  -3.3962068e-01  -6.1606898e-03  -1.0432868e-01  -2.7276738e-01  -5.0509864e-01  -5.9290760e-01  -6.7436223e-01  -8.5163060e-02  -5.0022817e-01  -6.1692150e-01  -6.2944865e-01  -3.0550839e-02  -7.5669464e-01  -6.2972253e-02  -7.5128752e-01  -7.1856597e-01  -2.8914182e-01  -1.3992391e-01
  -4.6237500e-01  -4.4002893e-01   2.3892411e-01  -5.8124296e-01  -1.2399547e-01  -1.2227803e-01  -1.7756885e-01  -5.2899715e-01  -4.6750475e-01  -2.3904602e-01  -6.5878407e-01  -4.5990400e-01  -1.0761100e-01  -4.0646256e-01   3.0191047e-01  -2.0251238e-01  -3.2711975e-01  -5.8531558e-02  -2.9681020e-01   2.5870254e-01  -4.1870408e-01
  -3.0844507e-01  -2.7209170e-01   5.5262101e-01  -5.8020953e-02   1.8355109e-01   9.9886379e-02  -7.1416132e-02  -1.9867460e-01  -3.1006961e-01  -3.9109915e-01   2.6675288e-02  -1.7584907e-01  -3.0511186e-01  -2.6329134e-01   1.2565449e-01  -3.3920286e-01  -7.9184920e-02  -3.9556260e-01  -4.1721973e-01  -2.7123334e-01  -1.6931009e-01
   4.8283624e-01   4.2489068e-01  -3.8677733e-01   2.1910112e-01  -3.2583778e-02  -6.6041967e-02   1.5430503e-02   3.3483125e-01   4.6100170e-01   4.0195399e-01   3.1566526e-01   5.7099142e-01   5.2146585e-01   5.2519861e-01   5.5669952e-02   3.8126906e-01   3.6908866e-01   3.1550845e-01   5.0652259e-01  -2.6836458e-02   1.9235325e-01
  -5.3797328e-01  -4.9259030e-01   4.4524238e-01  -3.7165002e-01   9.7371940e-03  -3.4977868e-02  -1.8272642e-01  -5.1359110e-01  -5.2747219e-01  -5.3860550e-01  -2.0499509e-01  -4.9890260e-01  -5.2069131e-01  -5.5490580e-01   1.4808272e-02  -6.1361954e-01  -2.3990402e-01  -5.8100522e-01  -6.6268832e-01  -1.5641794e-01  -3.2619351e-01
   3.9426268e-01   3.5389074e-01  -3.1766139e-01   1.2024201e-01  -3.2560611e-02  -1.0580627e-01  -2.7945587e-02   2.3588406e-01   3.7410721e-01   3.1031470e-01   2.9243680e-01   5.0163666e-01   4.4770374e-01   4.4207483e-01   6.6398643e-02   2.6221872e-01   2.1882883e-01   2.2906868e-01   4.3185418e-01  -6.5229634e-02   2.6720164e-01
   5.2070508e-01   4.6994813e-01  -4.5434631e-01   3.7167122e-01  -7.1820750e-02  -7.3329292e-02   1.6810132e-01   4.9188874e-01   5.1263777e-01   4.1243178e-01   4.2642704e-01   6.1162169e-01   5.0202272e-01   5.5719643e-01   6.2660889e-03   4.6302815e-01   3.2580589e-01   4.5997222e-01   6.3432369e-01   3.5904656e-02   4.3063065e-01
  -5.2688656e-01  -5.0696737e-01   4.4841304e-01  -4.0500082e-01   3.8331312e-02   3.8366338e-02  -2.3433126e-01  -5.1523153e-01  -5.3003422e-01  -3.7976078e-01  -5.4089696e-01  -5.8934074e-01  -4.0795793e-01  -5.2663606e-01   9.0250666e-02  -3.9898233e-01  -2.0334010e-01  -4.5602524e-01  -6.3487484e-01  -7.1792740e-02  -4.9994476e-01
  -1.8350273e-01  -1.8744183e-01   2.5475107e-02  -8.7928427e-02  -5.7971650e-02   4.0045350e-02   4.9088147e-02  -1.1633894e-01  -1.7928292e-01   6.2778931e-02  -5.7537826e-01  -2.9559174e-01   1.5018962e-02  -1.2740148e-01   1.1566769e-01   1.8652436e-01  -1.7788660e-01   2.0747479e-01  -1.1909028e-01   2.9171556e-01  -1.7773350e-01
  -1.7797355e-01  -1.8969822e-01   9.9161934e-03  -9.2512904e-02  -9.1939516e-02  -2.8032482e-03   6.5459556e-02  -1.3008849e-01  -1.7516761e-01   8.0745910e-02  -6.0446735e-01  -2.4794155e-01   8.6719691e-02  -8.4593687e-02   1.8906879e-01   2.3200998e-01  -1.6623194e-01   2.5775495e-01  -1.0139715e-01   2.9564461e-01  -1.7980693e-01
  -4.6406435e-01  -4.6517706e-01   3.2636626e-01  -3.9236197e-01  -6.2185735e-02  -1.1038530e-01  -3.0077431e-01  -5.2336068e-01  -4.6629359e-01  -3.8262956e-01  -3.8036834e-01  -4.1326226e-01  -3.1603476e-01  -4.0898468e-01   2.1627311e-01  -4.3197570e-01  -2.2582930e-02  -4.6997943e-01  -5.5200498e-01  -9.8459406e-02  -4.1991760e-01
  -4.1288621e-01  -3.7126546e-01   3.0274814e-01  -5.1319087e-02  -4.4101736e-02   1.5528972e-02   8.7854715e-02  -1.6430830e-01  -3.8508831e-01  -3.8439431e-01  -1.6278927e-01  -4.6096512e-01  -4.9383580e-01  -4.4992922e-01  -6.8958706e-02  -2.7348819e-01  -2.3722858e-01  -1.7642291e-01  -3.6866387e-01   5.6043136e-02  -6.5515339e-03
  -4.1370860e-01  -3.7258923e-01   2.9991909e-01  -5.1776108e-02  -4.7670878e-02   1.1829955e-02   8.7657722e-02  -1.6467225e-01  -3.8578798e-01  -3.8571961e-01  -1.6182655e-01  -4.6050433e-01  -4.9411582e-01  -4.5029291e-01  -6.8761839e-02  -2.7495439e-01  -2.3796453e-01  -1.7755039e-01  -3.6886013e-01   5.4522895e-02  -1.3250077e-03
   7.1482827e-01   6.8116720e-01  -4.9753955e-01   6.0240645e-01   6.9337869e-02   1.5259835e-01   4.1308841e-01   6.9952247e-01   7.1918517e-01   6.6730487e-01   4.0792282e-01   6.4894068e-01   5.6434581e-01   7.1858659e-01  -7.7958338e-02   7.6835809e-01   2.9022486e-01   6.8983006e-01   7.9042824e-01   1.7655948e-02   2.7798146e-01
   7.0061422e-01   7.0346523e-01  -5.0024156e-01   6.5611604e-01   1.0254512e-01   2.5932289e-01   5.3006231e-01   7.1738762e-01   7.1897386e-01   6.8291295e-01   3.7172484e-01   5.3139515e-01   4.6579205e-01   6.6581549e-01  -1.8640783e-01   6.9625179e-01   5.7584187e-02   6.6829184e-01   7.4440817e-01  -9.5127094e-03   1.3404504e-01
   1.0047906e-01   1.3979277e-01   2.2826830e-01   2.4980945e-02   3.1714572e-01   3.3651962e-01  -3.2728220e-03   3.4249127e-02   8.7462409e-02   1.6227557e-01  -1.1440644e-01  -2.5361240e-02   6.9629864e-02   6.2392574e-02   1.3803900e-03   1.7220558e-01   8.0578292e-02   1.2717444e-01   5.2389052e-02   1.5853997e-01  -5.0983818e-01
   4.2179012e-01   3.4181905e-01  -4.6252469e-01   3.9008315e-01  -1.4946633e-01  -1.5857911e-01   8.2168626e-02   4.2811289e-01   4.1295569e-01   2.1207407e-01   5.7938466e-01   5.3473875e-01   2.7854007e-01   4.0464584e-01  -1.0648488e-01   1.3184802e-01   5.8582414e-01   8.5972944e-02   3.8403142e-01  -1.6482817e-01   3.6446122e-01
  -5.6373715e-01  -5.5512908e-01   3.5883947e-01  -4.6050127e-01  -8.2502726e-02  -9.4726611e-02  -3.2081744e-01  -5.8402200e-01  -5.6329488e-01  -4.1951859e-01  -5.4089498e-01  -5.7003337e-01  -3.9071934e-01  -5.2489128e-01   1.9541988e-01  -4.4981865e-01  -1.4110020e-01  -4.4818135e-01  -6.3006526e-01   5.8405852e-02  -4.5198981e-01
   4.2566326e-01   3.4570544e-01  -4.6259757e-01   3.9292451e-01  -1.4644359e-01  -1.5550522e-01   8.2823819e-02   4.3122410e-01   4.1661675e-01   2.1526803e-01   5.8186851e-01   5.3792646e-01   2.8111554e-01   4.0798287e-01  -1.0718357e-01   1.3457103e-01   5.9034573e-01   8.7924014e-02   3.8696361e-01  -1.6418582e-01   3.6086199e-01
  -5.6373715e-01  -5.5512908e-01   3.5883947e-01  -4.6050127e-01  -8.2502726e-02  -9.4726611e-02  -3.2081744e-01  -5.8402200e-01  -5.6329488e-01  -4.1951859e-01  -5.4089498e-01  -5.7003337e-01  -3.9071934e-01  -5.2489128e-01   1.9541988e-01  -4.4981865e-01  -1.4110020e-01  -4.4818135e-01  -6.3006526e-01   5.8405852e-02  -4.5198981e-01
   4.0049360e-01   3.2050689e-01  -4.6180409e-01   3.7401551e-01  -1.6553677e-01  -1.7471150e-01   7.8800658e-02   4.1068592e-01   3.9283180e-01   1.9511596e-01   5.6448660e-01   5.1681692e-01   2.6480446e-01   3.8640461e-01  -1.0204338e-01   1.1739802e-01   5.6055726e-01   7.5581759e-02   3.6793053e-01  -1.6766936e-01   3.8249370e-01
  -5.6373786e-01  -5.5512993e-01   3.5883892e-01  -4.6050175e-01  -8.2503835e-02  -9.4727721e-02  -3.2081765e-01  -5.8402255e-01  -5.6329554e-01  -4.1951929e-01  -5.4089520e-01  -5.7003374e-01  -3.9071974e-01  -5.2489181e-01   1.9542014e-01  -4.4981941e-01  -1.4110054e-01  -4.4818202e-01  -6.3006582e-01   5.8405522e-02  -4.5198875e-01
