  -1.3489856e-01  -1.0648513e-01   2.2365171e-01  -1.1324145e-01   7.6308625e-02   3.6303827e-02  -1.9831263e-01  -1.1421500e-01  -1.3031535e-01  -1.5124154e-01  -1.1830750e-02  -1.0061104e-01  -1.7017406e-01  -1.1578540e-01   5.1297880e-02  -8.6418544e-02  -9.9592379e-02  -1.1627447e-01  -1.1791242e-01  -3.2963558e-01  -6.4318434e-02
   5.8669717e-01   5.4371539e-01  -4.5440854e-01   6.3852029e-01   1.1935389e-01   1.7239921e-01   4.6875951e-01   5.9067679e-01   5.7942058e-01   5.9843274e-01   1.9149595e-01   4.2154478e-01   4.2788196e-01   5.6075442e-01  -1.6086548e-01   4.9051242e-01   3.0598476e-01   3.5047699e-01   5.5906231e-01  -9.3065809e-02   2.2563864e-01
   6.7442301e-01   6.5509954e-01  -5.0524735e-01   4.3188181e-01   3.2290219e-02   1.0522116e-01   2.1085133e-01   5.6442140e-01   6.7047874e-01   6.4585840e-01   3.3232096e-01   6.1710195e-01   5.8785192e-01   6.9365136e-01  -5.2217156e-02   6.4134538e-01   1.1923235e-01   6.1571779e-01   7.4542320e-01  -3.2163740e-02   1.6204463e-01
   1.1275625e-01   1.3013693e-01   9.7646913e-02   1.7380945e-01   1.7869858e-01   3.4262779e-01   1.5553214e-01   2.6294151e-01   1.1801586e-01   1.7466650e-01  -6.3286664e-02  -8.7065949e-02  -1.9817241e-02   3.0821560e-02  -1.6541834e-01   2.4007505e-01  -1.2922794e-01   1.6341588e-01   1.0490098e-01   1.4366659e-01  -2.1262712e-01
  -1.5595056e-01  -1.4548897e-01   5.7834927e-02  -1.2425954e-01  -1.6729485e-01  -1.3324168e-01  -2.9637784e-01  -7.9548881e-02  -1.4722807e-01  -1.6411591e-01  -1.6254356e-02  -1.0874857e-01  -1.2772617e-01  -1.3503094e-01   1.4828653e-02  -4.5509741e-02  -2.2835249e-01   2.4288070e-02  -3.8826598e-02   2.2982430e-02   1.7242317e-01
   1.4111624e-01   1.2554373e-01  -5.6827408e-02   1.4411457e-01   1.4023242e-01   1.3617480e-01   2.9132460e-01   7.0334701e-02   1.3196826e-01   2.1920457e-01  -1.3617476e-01  -9.5723026e-03   8.4882859e-02   9.8121853e-02  -7.8558449e-02   1.3111964e-01   1.1869870e-01   1.6400960e-02   7.7524112e-03   3.5033670e-02  -1.4961289e-01
  -3.2985771e-01  -2.9059636e-01   3.5824603e-01  -3.0927261e-01   2.0209291e-02  -1.8484947e-02  -3.1714757e-01  -2.9321766e-01  -3.2274022e-01  -3.5278449e-01  -6.8899974e-02  -2.5034059e-01  -3.1683307e-01  -3.1662805e-01   7.5843274e-02  -2.4982621e-01  -1.8395994e-01  -2.2088055e-01  -3.1068384e-01  -2.1356466e-01  -1.4411926e-01
   3.2360224e-01   3.2936926e-01  -7.4854670e-02   4.0322119e-01   2.2228001e-01   2.4571218e-01   1.8077275e-01   3.7179987e-01   3.2485645e-01   3.4110982e-01   9.3054274e-02   1.8268784e-01   1.3551453e-01   3.1225100e-01  -1.0585107e-01   3.4608420e-01   6.5242217e-02   1.8274469e-01   3.2216050e-01  -4.5570091e-01   6.3308358e-02
  -3.4911182e-01  -3.1073600e-01   3.6773252e-01  -3.4834339e-01   1.0439515e-02  -3.1792416e-02  -3.4267176e-01  -3.2014870e-01  -3.4246855e-01  -3.7220284e-01  -7.6498044e-02  -2.5565611e-01  -3.1578735e-01  -3.3232525e-01   9.6633694e-02  -2.6588552e-01  -1.8583910e-01  -2.3019519e-01  -3.2467575e-01  -1.8004796e-01  -1.5370161e-01
   3.9891056e-01   4.0632715e-01  -9.1118213e-02   4.5448788e-01   2.8946407e-01   3.5285543e-01   2.7918448e-01   4.6820101e-01   4.0253579e-01   4.3296558e-01   9.5988283e-02   2.5508761e-01   2.3740066e-01   3.9799044e-01  -8.6647905e-02   4.5643897e-01   5.3934583e-02   2.6436779e-01   4.1765762e-01  -4.8723173e-01  -1.2170919e-02
