   8.0129116e-01   7.6978191e-01  -5.3736414e-01   6.9312127e-01   2.5062571e-01   2.6276211e-01   5.0051222e-01   6.5836252e-01   7.9437704e-01   7.5839986e-01   3.9570946e-01   6.6658010e-01   6.0852995e-01   7.7280746e-01  -1.7004470e-01   6.0770003e-01   4.1516190e-01   4.2917579e-01   6.7413365e-01  -8.9126090e-02   1.4205830e-01
  -3.6895684e-01  -3.3670349e-01   4.4288040e-01  -3.4220104e-01  -2.4878134e-03   2.0566257e-02  -3.2138319e-01  -2.9518544e-01  -3.6507547e-01  -4.1025922e-01  -5.8001796e-02  -2.3246592e-01  -2.8152166e-01  -3.3831809e-01   1.3525812e-01  -2.7823613e-01  -2.3657650e-01  -2.6958507e-01  -3.7902516e-01  -1.7864514e-01  -3.0448584e-01
  -5.7198335e-01  -5.5584014e-01   3.8310593e-01  -2.3488033e-01  -1.1091288e-01  -1.7866530e-01  -2.2633704e-01  -4.4393475e-01  -5.7012189e-01  -5.6379330e-01  -2.5653094e-01  -4.6826487e-01  -4.7181889e-01  -5.3641451e-01   1.2444443e-01  -5.3120020e-01   4.4530161e-02  -4.3364617e-01  -5.7247334e-01  -3.5725278e-02  -1.1788209e-01
  -7.7903800e-01  -7.3873573e-01   5.7311804e-01  -5.9304542e-01  -1.6313863e-01  -1.8418975e-01  -4.2680663e-01  -6.1937295e-01  -7.6710690e-01  -7.6728343e-01  -3.1313472e-01  -6.5669186e-01  -6.5608592e-01  -7.7104799e-01   1.0899437e-01  -6.3766664e-01  -3.5942142e-01  -5.0729544e-01  -7.1755006e-01  -7.8533286e-03  -1.5474753e-01
   5.6353168e-01   5.2388516e-01  -5.2823488e-01   2.5363561e-01   2.4366890e-02   4.2458944e-02   2.8332111e-01   3.4802627e-01   5.5664489e-01   6.6452837e-01   9.6938782e-03   4.3524061e-01   5.8155675e-01   5.8600945e-01  -2.6832286e-03   5.9459752e-01   8.8427144e-02   5.0654378e-01   5.9411548e-01   1.3801453e-01   1.4824744e-01
   5.5034599e-01   5.3228497e-01  -3.7874534e-01   1.8026051e-01   1.2602026e-01   1.3475841e-01   2.1817017e-01   3.1470467e-01   5.3926646e-01   6.4591348e-01   8.0439723e-03   4.6326602e-01   6.0969511e-01   5.9555952e-01   5.2878838e-02   6.3854653e-01   8.8310588e-04   5.4239482e-01   5.6769927e-01   1.2128654e-01   3.4915285e-02
  -6.9130410e-01  -6.3994755e-01   6.0394159e-01  -4.3500839e-01  -4.1065741e-02  -1.2344288e-01  -3.3740406e-01  -5.0843332e-01  -6.8790615e-01  -7.8981232e-01  -7.1281581e-02  -5.2961746e-01  -6.5953332e-01  -7.2518902e-01   2.7883437e-03  -7.1683030e-01  -1.9843639e-01  -5.7595921e-01  -7.1458938e-01  -1.1339019e-01  -7.2420977e-02
  -1.8871250e-01  -1.8883287e-01   1.4029760e-01  -2.9138444e-01  -1.2993287e-01  -8.2463093e-02  -2.3556241e-01  -1.7343142e-01  -1.7704595e-01  -2.3274941e-01   4.0762908e-02  -6.2015554e-02  -1.1861838e-01  -1.5761791e-01   8.8064093e-02  -1.4238719e-01  -2.9192902e-01  -1.8940102e-01  -1.8602818e-01  -2.9375027e-01  -6.6120801e-02
  -6.9387078e-01  -6.9585081e-01   3.9187781e-01  -5.2417749e-01  -3.0112163e-01  -3.5913948e-01  -5.0519271e-01  -6.3024497e-01  -6.9930428e-01  -7.3233457e-01  -2.2703791e-01  -4.8856662e-01  -4.9695099e-01  -6.5788644e-01   1.3414875e-01  -7.1728195e-01  -8.8467417e-02  -6.0647279e-01  -6.8371389e-01  -1.8964018e-01  -1.7783948e-01
  -3.7619016e-01  -3.7557463e-01   1.0968153e-01  -5.6061515e-01  -2.8875515e-01  -2.9779675e-01  -3.6303975e-01  -4.4363464e-01  -3.5776569e-01  -2.7366531e-01  -3.1231759e-01  -1.1760320e-01   5.4677770e-02  -1.6893955e-01   5.7700183e-01  -1.3839253e-01  -4.2008172e-01  -4.7212130e-03  -1.3830234e-01   3.9695760e-01   7.2071746e-04
   2.5939770e-02   2.6122898e-02   2.5330760e-01   7.1410934e-02   8.8640093e-02   1.6377770e-01  -5.0709401e-02   1.6971286e-01   1.4327289e-02  -5.6191527e-02   1.4932957e-01   6.9590596e-02  -5.0906727e-03   1.4119222e-02   3.8234561e-02   3.4036988e-02  -8.5949534e-02  -5.7243172e-02   2.3686726e-02  -2.3211308e-01  -1.3655192e-01
   5.4034669e-01   4.8269504e-01  -4.2459102e-01   2.3576297e-01   2.2745948e-02  -3.3542557e-03   7.6284709e-02   3.4231093e-01   5.1771757e-01   4.9534135e-01   2.6023093e-01   5.7460645e-01   5.7112017e-01   5.7500131e-01   4.0175295e-02   4.1542296e-01   3.5312569e-01   3.0621020e-01   5.1455358e-01  -4.2823060e-02   1.0179498e-01
  -5.9140402e-01  -5.1570260e-01   6.7335131e-01  -3.6696063e-01   1.1029751e-01   5.0709320e-02  -2.5589517e-01  -4.0598213e-01  -5.8030884e-01  -6.2085597e-01  -1.5450001e-01  -4.2645844e-01  -4.8880890e-01  -5.3266480e-01   1.8695036e-01  -5.1454080e-01  -3.7084469e-01  -3.8818004e-01  -5.6983390e-01  -4.0969937e-02  -1.7288959e-01
   4.6768137e-01   4.3120985e-01  -3.7995381e-01   8.7194583e-02   2.6214623e-02   1.7679257e-02  -3.4956352e-03   2.2612657e-01   4.5212079e-01   4.9298486e-01   1.0486212e-01   4.6495759e-01   5.3963744e-01   5.2944538e-01   9.3946684e-02   3.9277007e-01   6.9025479e-02   2.8600501e-01   4.6481966e-01  -1.0730964e-02   5.2713676e-02
   7.0908796e-01   6.3585945e-01  -6.5732563e-01   5.3853769e-01  -1.6606700e-02   6.8676555e-02   3.2368957e-01   5.8355011e-01   7.0051779e-01   7.3210563e-01   2.1830123e-01   5.7572341e-01   6.1846130e-01   7.1423224e-01  -5.8478907e-02   6.2452810e-01   4.1723439e-01   4.9029493e-01   7.1213627e-01   6.7812078e-02   1.2454983e-01
  -1.9212049e-01  -1.4423831e-01   3.4978344e-01  -1.3303641e-01   1.7982650e-01   6.3172847e-02   1.8477353e-02  -1.1102731e-01  -2.0036361e-01  -3.4332810e-01   2.2364940e-01  -1.2768889e-01  -3.1194900e-01  -3.1661142e-01  -2.7625253e-01  -2.7901697e-01  -1.4237074e-01  -2.6744079e-01  -3.2395384e-01  -2.5612309e-01   2.1398324e-01
  -5.4807891e-01  -5.5993504e-01   2.3454578e-01  -4.3335781e-01  -1.8547747e-01  -2.9288294e-01  -2.4122096e-01  -5.1550075e-01  -5.5724760e-01  -5.1733192e-01  -3.0894916e-01  -4.7532764e-01  -4.1180112e-01  -5.9056819e-01  -6.5394950e-03  -4.5775512e-01  -1.6320435e-02  -4.0702722e-01  -6.1557065e-01   5.6545034e-02   1.2598476e-01
  -3.8899627e-01  -3.8256743e-01   3.0983259e-01  -2.7623307e-01  -1.3233360e-02  -9.6954409e-02  -9.3796894e-02  -3.1233051e-01  -3.9972447e-01  -3.5721247e-01  -2.4780759e-01  -3.3684135e-01  -2.7607082e-01  -4.1982189e-01  -1.3681846e-02  -2.3259669e-01  -1.1560076e-01  -2.2379500e-01  -4.6076168e-01   2.7967079e-02   1.1598366e-01
   2.6110375e-01   3.1441785e-01   2.6566426e-01   2.9146902e-01   4.1043936e-01   3.8316964e-01   2.9940932e-01   3.9499688e-01   2.5221217e-01   1.0332593e-01   4.1941874e-01   2.4234699e-01   4.3797182e-02   1.6141822e-01  -2.8660530e-01   1.6252095e-01  -1.9734147e-01   6.2711744e-02   1.7254189e-01  -4.0232507e-01   1.7425982e-01
  -4.1297495e-01  -3.7139766e-01   3.0247698e-01  -5.1352669e-02  -4.4461555e-02   1.5151781e-02   8.7820802e-02  -1.6435093e-01  -3.8516662e-01  -3.8455959e-01  -1.6264573e-01  -4.6093926e-01  -4.9392147e-01  -4.4999998e-01  -6.9019448e-02  -2.7367172e-01  -2.3732892e-01  -1.7656541e-01  -3.6872828e-01   5.5859259e-02  -5.9920001e-03
  -4.1332828e-01  -3.7200527e-01   3.0119030e-01  -5.1641824e-02  -4.6020387e-02   1.3558836e-02   8.7800230e-02  -1.6449989e-01  -3.8545519e-01  -3.8498910e-01  -1.6249291e-01  -4.6065121e-01  -4.9375402e-01  -4.4999948e-01  -6.8491270e-02  -2.7413678e-01  -2.3752498e-01  -1.7691295e-01  -3.6859762e-01   5.5365313e-02  -3.9039625e-03
   7.0237560e-01   6.7590755e-01  -4.6610724e-01   7.4052344e-01   1.8429669e-01   2.9399700e-01   6.5024609e-01   7.3787641e-01   7.1600157e-01   7.0025526e-01   3.2319033e-01   5.2267113e-01   4.6129674e-01   6.6887783e-01  -1.6047716e-01   7.3244715e-01   3.2367761e-01   6.0025225e-01   6.8780536e-01   3.9036646e-02   1.7110558e-01
   3.7671664e-01   3.8017167e-01  -2.8914751e-01   6.3752797e-01   1.3655330e-01   2.1126088e-01   5.7859519e-01   4.9137919e-01   3.9601526e-01   3.7766287e-01   1.9266241e-01   1.9324896e-01   1.2552430e-01   3.2326787e-01  -2.1275823e-01   3.2695649e-01   1.8014502e-01   2.9686450e-01   3.3271972e-01   5.4727454e-02   1.8340462e-01
   2.2893843e-02   6.6254466e-02   2.5418321e-01  -3.9604068e-02   2.5957202e-01   2.9005260e-01  -5.9709221e-02  -4.1404207e-02   1.1506197e-02   7.3128909e-02  -1.1815445e-01  -1.0931322e-01  -3.4868696e-02  -3.7861803e-02  -5.4902382e-02   9.7551965e-02   3.0519585e-02   7.2335256e-02  -4.8436827e-02   1.5993988e-01  -5.1587667e-01
   5.2126929e-01   4.4038470e-01  -4.7844614e-01   5.3138914e-01  -4.9742081e-02  -4.1966405e-02   1.8070099e-01   5.3363272e-01   5.0952615e-01   3.3282484e-01   5.6602684e-01   5.6001564e-01   3.2433976e-01   4.8532737e-01  -1.3330468e-01   2.1627808e-01   7.1761760e-01   1.4079213e-01   4.5188966e-01  -9.8354205e-02   2.4681138e-01
   9.7803883e-02   1.4366103e-01   3.2027966e-01   1.1231155e-01   3.1542650e-01   2.5048218e-01   1.3543291e-01   2.1709020e-01   8.8684841e-02  -1.0602337e-01   4.4706927e-01   1.6842788e-01  -8.2620318e-02  -5.9013649e-04  -2.4267518e-01  -3.8973025e-02  -1.3053362e-01  -1.1179988e-01  -1.5618663e-03  -4.4501932e-01   1.7541946e-01
   5.2305780e-01   4.4231411e-01  -4.7800691e-01   5.3303681e-01  -4.7849978e-02  -3.9993967e-02   1.8113520e-01   5.3508888e-01   5.1119530e-01   3.3421862e-01   5.6728401e-01   5.6099561e-01   3.2486137e-01   4.8649281e-01  -1.3452023e-01   2.1736354e-01   7.1952670e-01   1.4151401e-01   4.5272538e-01  -9.8040049e-02   2.4464444e-01
   9.7803798e-02   1.4366090e-01   3.2027941e-01   1.1231150e-01   3.1542618e-01   2.5048187e-01   1.3543292e-01   2.1709016e-01   8.8684769e-02  -1.0602347e-01   4.4706930e-01   1.6842789e-01  -8.2620343e-02  -5.9017559e-04  -2.4267513e-01  -3.8973143e-02  -1.3053368e-01  -1.1179997e-01  -1.5618904e-03  -4.4501940e-01   1.7541985e-01
   5.0773428e-01   4.2592310e-01  -4.8172817e-01   5.1901337e-01  -6.4021315e-02  -5.6560329e-02   1.7740185e-01   5.2228341e-01   4.9687486e-01   3.2192312e-01   5.5716328e-01   5.5177337e-01   3.1900327e-01   4.7565326e-01  -1.2623626e-01   2.0729529e-01   7.0245051e-01   1.3443857e-01   4.4415221e-01  -1.0124275e-01   2.6244598e-01
   9.7803753e-02   1.4366075e-01   3.2027898e-01   1.1231123e-01   3.1542581e-01   2.5048151e-01   1.3543289e-01   2.1708997e-01   8.8684749e-02  -1.0602348e-01   4.4706926e-01   1.6842800e-01  -8.2620160e-02  -5.9013361e-04  -2.4267494e-01  -3.8973287e-02  -1.3053360e-01  -1.1180034e-01  -1.5619151e-03  -4.4501994e-01   1.7542002e-01
