   6.1975825e-01   6.8823176e-01   4.2308633e-01   6.0390500e-01   5.2256067e-01   5.6374367e-01   5.7181746e-01   6.9501661e-01   2.7645486e-01   3.9741795e-01   7.3015653e-02  -1.5425403e-01  -2.3122556e-01   2.0888800e-03  -1.0795180e-01   2.5932100e-01  -1.2544393e-01   2.6339334e-01   2.9045159e-01  -1.5253509e-01   2.7981867e-01
  -3.9288481e-01  -8.4855622e-01  -8.1296460e-01  -6.9549853e-01  -8.1032135e-01  -8.2708083e-01  -4.6884748e-01  -8.0832959e-01  -9.4666417e-02  -2.8859665e-01   1.6102099e-01   3.5202116e-01   3.9325896e-01   1.9405782e-01   2.2722005e-01  -1.3878105e-01   4.6786328e-01  -1.8160404e-01  -6.8083582e-02   3.2638927e-01  -7.3211155e-02
  -4.0058511e-01  -4.2078638e-01  -2.4522280e-01  -2.6112310e-01  -2.6762782e-01  -3.0725320e-01  -2.5851520e-01  -3.8112535e-01  -3.5417413e-01  -4.2588306e-01  -1.7368594e-01  -1.2868296e-01  -9.5196656e-02  -2.4144485e-01  -2.2888354e-01  -1.6299890e-01  -3.2130404e-03  -2.1257340e-01  -2.6741045e-01   1.1614627e-02  -5.3624785e-01
  -3.9788922e-01  -5.0951772e-01  -3.9025941e-01  -4.2981184e-01  -3.6954391e-01  -3.9562440e-01  -3.8283671e-01  -5.0141492e-01  -6.7600530e-02  -1.8407202e-01   9.2495612e-02   1.6442570e-01   1.7943044e-01   7.4772135e-02   1.8616316e-02  -8.8552286e-02   1.6988279e-01  -1.3645745e-01  -7.3110101e-02   2.1105429e-01  -1.5013656e-01
   4.0727106e-01   6.0350329e-01   4.7201139e-01   4.4397378e-01   5.0138007e-01   5.4253288e-01   4.3674403e-01   5.6180150e-01   4.8358136e-02   2.3240537e-01  -1.9458644e-01  -3.2112806e-01  -3.4222101e-01  -1.8681001e-01  -1.5323500e-01   4.4147425e-02  -3.1002306e-01   9.8131666e-02   4.8932136e-02  -2.4447090e-01   2.5642623e-01
   3.5827495e-01   3.5495931e-01   1.7212521e-01   2.3610543e-01   2.2043884e-01   2.6144142e-01   3.6376685e-01   3.3944150e-01  -4.7258708e-02   9.3112238e-02  -2.0574537e-01  -3.0892487e-01  -3.2109756e-01  -2.2150934e-01  -1.7921881e-01   6.9361247e-02  -1.7577649e-01   1.3139673e-01   5.9491439e-02  -2.2878319e-01   2.9464019e-01
  -2.9472491e-01  -6.4451460e-01  -6.2129004e-01  -4.8810747e-01  -6.1563603e-01  -6.5196902e-01  -3.0698259e-01  -6.0098426e-01  -6.1266381e-02  -2.3293486e-01   1.6123238e-01   3.3138521e-01   3.6687344e-01   1.9495149e-01   1.6764573e-01   6.7735023e-02   3.9748412e-01   2.5319333e-02   3.5611795e-02   3.0088043e-01  -3.5991983e-01
  -2.6555341e-01  -7.8436089e-01  -8.4847181e-01  -6.0905661e-01  -8.1214378e-01  -7.9211226e-01  -3.6841851e-01  -7.4800069e-01   5.0083426e-02  -1.1641864e-01   2.3034027e-01   4.5588401e-01   4.9913757e-01   3.3390947e-01   3.8784302e-01  -1.6690703e-01   4.9309159e-01  -2.0747767e-01  -2.4218420e-02   3.3379821e-01   1.0260623e-01
  -4.5790868e-01  -7.5981728e-01  -6.2723409e-01  -5.5370829e-01  -6.7200143e-01  -7.0657679e-01  -4.5843439e-01  -7.1163559e-01  -1.7813933e-01  -3.4676889e-01   6.8405382e-02   2.7733987e-01   3.3373966e-01   1.1453422e-01   1.9826425e-01  -1.2389501e-01   3.2485586e-01  -1.6260555e-01  -1.4763859e-01   2.5786245e-01  -2.9591899e-01
  -2.4134925e-01  -7.6540966e-01  -8.7434510e-01  -6.4528988e-01  -7.0961192e-01  -7.3730376e-01  -4.1578316e-01  -7.2974768e-01  -1.2151811e-02  -2.6048835e-01   2.9489022e-01   4.1321054e-01   4.1954312e-01   2.5299732e-01   2.6564562e-01  -2.3050017e-01   5.5725811e-01  -2.8383486e-01  -6.4632352e-02   3.8617653e-01   4.4541670e-02
  -4.3814872e-01  -6.9035527e-01  -5.4290103e-01  -6.5659041e-01  -4.9331338e-01  -5.3258875e-01  -3.1385349e-01  -7.1083180e-01  -2.3053321e-01  -4.5555115e-01   8.7833378e-02   1.2714198e-01   1.2739378e-01  -4.2513461e-02  -6.4892440e-02  -2.7477786e-01   4.3984091e-01  -3.2798805e-01  -1.4840353e-01   3.4460176e-01  -1.4992483e-01
   7.6303114e-02   4.9771049e-01   6.2730459e-01   2.2258868e-01   6.2372359e-01   5.6076661e-01   4.7688220e-02   4.0683195e-01  -1.3096575e-01  -5.3868722e-02  -1.9722925e-01  -3.0208385e-01  -3.1510418e-01  -2.6317172e-01  -1.0859285e-01  -7.0101343e-02  -3.7727397e-01   3.9224878e-02  -1.2338839e-01  -2.0140978e-01   1.2529606e-01
  -2.6394855e-01  -6.1513013e-01  -6.3110149e-01  -4.0544672e-01  -5.8592775e-01  -5.9118196e-01  -1.9823814e-01  -5.5576853e-01  -1.0860855e-02  -1.7711660e-01   2.0079577e-01   3.0521620e-01   3.1831458e-01   1.9153934e-01   7.7828201e-02   3.3717909e-02   4.1380893e-01  -3.5279615e-02   6.0946287e-02   2.3893208e-01  -3.1395433e-01
   9.6444062e-02   4.3031175e-01   5.2487490e-01   1.3332388e-01   5.5812885e-01   5.0045701e-01   3.8159487e-02   3.1415573e-01   5.7280648e-02   7.8578816e-02   3.5565872e-03  -8.8206214e-02  -1.1973475e-01  -4.6569575e-02   8.0640851e-02  -7.8398941e-02  -1.7688872e-01   6.6649130e-03  -2.4056058e-02  -2.7000331e-02   3.9334756e-01
   1.9698796e-01   5.4703211e-01   5.8929680e-01   2.9998466e-01   5.9665302e-01   6.0111035e-01   1.9474813e-01   4.6421793e-01  -5.6045519e-03   1.1740022e-01  -1.5880940e-01  -3.2092617e-01  -3.5536931e-01  -2.2345024e-01  -1.4020979e-01  -1.5619154e-01  -3.3582335e-01  -8.2866523e-02  -8.2823218e-02  -2.1729198e-01   3.8611165e-01
  -2.2792198e-01  -5.0723716e-01  -4.3041816e-01  -4.6174679e-01  -5.5857769e-01  -6.2423030e-01  -4.5149653e-01  -4.6614414e-01  -1.3928899e-01  -2.4976724e-01   1.9280577e-02   2.6304849e-01   3.3308190e-01   1.3399857e-01   2.6898674e-01   1.3206477e-01   2.3276861e-01   1.4298702e-01  -1.4657006e-02   2.6058431e-01  -3.1045894e-01
  -1.5844070e-01  -3.9351536e-01  -3.5251891e-01  -2.6413899e-01  -4.5236123e-01  -5.0452861e-01  -2.4831646e-01  -3.3701999e-01  -1.1136672e-01  -1.9429835e-01   7.8721039e-03   2.6913133e-01   3.4550656e-01   1.5653396e-01   3.0725722e-01   1.7281134e-01   2.3207053e-01   1.8476291e-01   6.5552176e-03   2.4879587e-01  -4.0445687e-01
  -1.2554795e-01  -3.9051747e-01  -3.6357293e-01  -2.6966971e-01  -4.8547574e-01  -5.3584594e-01  -2.5769493e-01  -3.3024237e-01  -8.4012134e-02  -1.5399145e-01   1.5342038e-02   2.7433974e-01   3.4954659e-01   1.7371758e-01   3.2386712e-01   2.1227927e-01   2.3556816e-01   2.2633362e-01   3.9957072e-02   2.4549175e-01  -3.3925050e-01
  -3.7789842e-01  -6.4689025e-01  -4.6241440e-01  -6.7729436e-01  -6.3608429e-01  -7.1347609e-01  -6.1843546e-01  -6.3732757e-01  -2.5166218e-01  -3.9357702e-01  -2.8024128e-02   2.1003331e-01   2.8264678e-01   4.4794037e-02   2.5368742e-01  -7.6445201e-02   2.5745983e-01  -3.4663120e-02  -1.4472894e-01   2.4146377e-01  -1.3129240e-01
   2.4001677e-02  -1.9503470e-01  -3.4762197e-01  -4.3073939e-02  -2.7759662e-01  -2.2828889e-01   1.1182261e-01  -1.8246074e-01   2.4845664e-01   3.2098144e-01   9.8532068e-02   2.0395409e-01   2.2796202e-01   2.6872649e-01   1.6660521e-01   9.6209670e-02   1.0343903e-01   4.8464195e-02   1.5030084e-01   2.1643418e-01  -1.2620577e-01
   7.4549941e-03  -2.0840120e-01  -3.5509812e-01  -5.3711479e-02  -2.8521339e-01  -2.3700800e-01   9.8312545e-02  -1.9735421e-01   2.2739291e-01   3.0127539e-01   8.0265410e-02   1.9254028e-01   2.2027456e-01   2.5310801e-01   1.6542319e-01   6.9820088e-02   9.0961776e-02   2.2968842e-02   1.2199379e-01   2.0374099e-01  -1.1866430e-01
   3.1217206e-01   4.7480678e-01   3.9413724e-01   3.7763392e-01   3.2494851e-01   3.5863181e-01   2.5502767e-01   4.4875511e-01   1.5540209e-01   3.5992404e-01  -1.4196794e-01  -9.6094120e-02  -6.9668539e-02   3.7056244e-02   1.5346235e-01   8.3485820e-02  -2.8471833e-01   1.4981996e-01   6.0708539e-02  -1.0074818e-01   1.7177135e-01
   4.3099017e-01   4.5548998e-01   2.4132066e-01   4.4694687e-01   2.7516987e-01   3.2898820e-01   5.0875591e-01   4.4374610e-01   2.7844854e-01   4.7787724e-01  -3.2935078e-02  -4.5238152e-02  -4.5533276e-02   1.1620071e-01   7.8476563e-02   2.2094181e-01  -1.4631283e-01   2.5224035e-01   2.3430637e-01  -3.4960995e-02  -2.2043224e-02
   3.6179766e-01   2.5936509e-01   8.5026351e-02   1.0383528e-01   1.7433542e-01   1.9372872e-01   3.5552544e-01   2.7606296e-01   2.6358902e-01   2.3336889e-01   2.5834315e-01  -6.0497666e-03  -1.0707132e-01   7.0103775e-02  -2.8259865e-01   5.3584359e-01   2.6771215e-01   5.3332774e-01   5.7802600e-01   2.3297110e-01  -5.2744693e-02
  -2.3362868e-01  -1.4020132e-01  -3.8359297e-02   2.7989433e-02  -7.1802338e-02  -8.5652195e-02  -2.7893398e-01  -1.3362394e-01  -8.8495581e-02  -7.2832457e-02  -8.6373469e-02   1.0737813e-01   1.7427212e-01   6.3958724e-02   3.3717028e-01  -3.8906959e-01  -2.1297380e-01  -3.6675575e-01  -3.9329152e-01  -1.6778392e-01   5.4215477e-02
  -3.2734355e-01  -6.5220997e-01  -5.3600171e-01  -6.6921754e-01  -6.3026219e-01  -7.0299062e-01  -5.2101844e-01  -6.4739434e-01  -1.6769211e-01  -3.3559799e-01   6.4748340e-02   2.9710294e-01   3.5828697e-01   1.3424942e-01   2.9486873e-01  -1.0495834e-02   3.5783355e-01   2.3735637e-02  -4.8489322e-02   3.3706349e-01  -1.5422687e-01
  -2.3090164e-01  -1.3732587e-01  -3.6179539e-02   3.1254230e-02  -6.9811417e-02  -8.3524762e-02  -2.7734289e-01  -1.3030404e-01  -8.3996497e-02  -6.8594952e-02  -8.2445854e-02   1.1063357e-01   1.7697704e-01   6.7969728e-02   3.3937639e-01  -3.8504320e-01  -2.1164451e-01  -3.6274175e-01  -3.8891152e-01  -1.6606922e-01   5.2304554e-02
  -3.2734322e-01  -6.5220979e-01  -5.3600170e-01  -6.6921721e-01  -6.3026228e-01  -7.0299066e-01  -5.2101817e-01  -6.4739400e-01  -1.6769141e-01  -3.3559723e-01   6.4748823e-02   2.9710354e-01   3.5828757e-01   1.3425015e-01   2.9486912e-01  -1.0494958e-02   3.5783404e-01   2.3736545e-02  -4.8488443e-02   3.3706370e-01  -1.5422803e-01
  -2.4688355e-01  -1.5413039e-01  -4.9266452e-02   1.2423000e-02  -8.1064599e-02  -9.5547082e-02  -2.8566958e-01  -1.4977643e-01  -1.1205134e-01  -9.4613033e-02  -1.0724033e-01   8.8974477e-02   1.5849722e-01   4.1984644e-02   3.2353537e-01  -4.0927117e-01  -2.2128811e-01  -3.8690497e-01  -4.1561384e-01  -1.7722435e-01   6.1047713e-02
  -3.2734876e-01  -6.5221393e-01  -5.3600370e-01  -6.6922023e-01  -6.3026443e-01  -7.0299300e-01  -5.2102143e-01  -6.4739878e-01  -1.6769808e-01  -3.3560317e-01   6.4742677e-02   2.9709949e-01   3.5828472e-01   1.3424495e-01   2.9486819e-01  -1.0503660e-02   3.5782984e-01   2.3728107e-02  -4.8497531e-02   3.3705946e-01  -1.5422658e-01
