   1.0000000e+00  -4.9860625e-01   2.6967124e-01  -3.8280428e-01   5.1425522e-01  -5.3169469e-01   9.2913456e-01   7.4553314e-01   9.0675621e-01   6.4912350e-01
  -4.9860625e-01   1.0000000e+00   2.3287563e-01  -4.4375130e-02  -6.5831022e-01   6.8480824e-01  -7.7534155e-01   1.8553343e-01  -8.1065087e-01   2.5052914e-01
   2.6967124e-01   2.3287563e-01   1.0000000e+00  -8.2341270e-02   2.9948715e-01  -3.5653702e-01   9.3809915e-02   4.9741915e-01   7.9884778e-02   5.3779916e-01
  -3.8280428e-01  -4.4375130e-02  -8.2341270e-02   1.0000000e+00   2.6206571e-01  -6.5715519e-02  -1.9828438e-01  -3.1842601e-01  -1.7936421e-01  -1.5095466e-01
   5.1425522e-01  -6.5831022e-01   2.9948715e-01   2.6206571e-01   1.0000000e+00  -9.0758395e-01   6.7006655e-01   1.5348164e-01   6.8156996e-01   1.2881378e-01
  -5.3169469e-01   6.8480824e-01  -3.5653702e-01  -6.5715519e-02  -9.0758395e-01   1.0000000e+00  -6.7996383e-01  -1.0641113e-01  -6.9700921e-01  -9.1437133e-02
   9.2913456e-01  -7.7534155e-01   9.3809915e-02  -1.9828438e-01   6.7006655e-01  -6.7996383e-01   1.0000000e+00   4.7112499e-01   9.9711905e-01   3.8299207e-01
   7.4553314e-01   1.8553343e-01   4.9741915e-01  -3.1842601e-01   1.5348164e-01  -1.0641113e-01   4.7112499e-01   1.0000000e+00   4.1777422e-01   9.6209770e-01
   9.0675621e-01  -8.1065087e-01   7.9884778e-02  -1.7936421e-01   6.8156996e-01  -6.9700921e-01   9.9711905e-01   4.1777422e-01   1.0000000e+00   3.3308141e-01
   6.4912350e-01   2.5052914e-01   5.3779916e-01  -1.5095466e-01   1.2881378e-01  -9.1437133e-02   3.8299207e-01   9.6209770e-01   3.3308141e-01   1.0000000e+00
