   5.5726791e-01   4.2372828e-02   1.7505581e-02   1.9160907e-01   5.9034036e-02   5.8830768e-02   4.5473816e-01   8.4415559e-02   3.0927997e-01   3.5476385e-01   2.9216155e-03   7.2611293e-04   8.8899699e-03   2.3097676e-05   1.1687675e-01   9.6905338e-01   2.2267842e-03   4.4247270e-01   1.2491288e-01   2.2804376e-01   8.4867437e-01
   2.4577311e-01   4.0599695e-05   1.2995339e-07   2.6132700e-03   1.9551124e-05   2.7543982e-05   8.6902549e-02   3.8750496e-04   8.7481290e-01   1.4894911e-01   1.2361046e-01   5.2460796e-03   8.0556047e-03   7.0363419e-03   1.2545009e-02   4.9619758e-01   4.5979597e-03   2.8138283e-01   7.0740837e-01   1.3750296e-01   7.5516630e-01
   9.8222037e-01   2.6210669e-01   2.0147891e-01   7.8035728e-01   1.3927266e-01   1.2927634e-01   7.2305871e-01   4.6355171e-01   3.6764788e-01   8.3716368e-01   1.5631847e-01   6.9799520e-02   1.0799374e-01   2.1713454e-02   2.6427469e-01   1.1435611e-01   1.0501685e-01   4.2867394e-01   4.5365872e-02   5.9214562e-01   4.8374975e-01
   7.0767003e-01   4.1767677e-02   1.8654434e-02   2.1414306e-01   3.8367676e-02   3.7752225e-02   6.7922009e-01   7.0926764e-02   6.1741401e-01   2.9371562e-01   3.3577180e-02   1.5879327e-02   4.4714438e-02   1.2096603e-02   1.0002151e-01   9.4625122e-01   4.6023742e-03   5.2137039e-01   2.7063543e-01   6.5719683e-01   9.6424020e-01
   5.5697518e-01   1.1631953e-02   4.7972126e-03   9.7188963e-02   2.0488181e-03   1.8418760e-03   1.4001855e-01   3.7782033e-02   5.5483013e-01   4.6322538e-01   7.6350801e-02   8.0009741e-03   1.7173607e-02   1.6598567e-03   6.1557652e-02   5.1159927e-01   3.3745829e-02   9.6297320e-01   1.7036242e-01   2.6935506e-01   9.9814943e-01
   6.3917125e-01   2.2143416e-02   9.0924865e-03   1.4874406e-01   8.3100821e-03   8.0046814e-03   2.1076628e-01   6.2848631e-02   4.2561867e-01   4.6708208e-01   3.4665314e-02   6.8503298e-03   2.1441997e-02   1.1990921e-03   9.3122181e-02   5.1402016e-01   1.9236993e-02   9.3896774e-01   1.1155242e-01   2.8162065e-01   9.7171578e-01
   3.8989009e-02   1.7702732e-01   4.6017819e-01   8.0170498e-02   5.4524045e-01   3.7664921e-01   3.7496128e-02   1.3947096e-01   1.8758027e-01   2.0781620e-02   4.0152837e-01   1.1987286e-01   1.2081765e-01   3.5692196e-01   1.0704373e-01   7.1751883e-01   3.8999666e-01   9.5284633e-01   3.9741763e-01   5.0807485e-02   8.9350891e-01
   2.0376359e-01   3.0234107e-04   1.0036723e-05   1.5833897e-03   1.8880847e-03   3.0846187e-03   1.5354792e-01   4.0963415e-04   6.6613328e-01   9.8932049e-02   1.6660909e-01   2.2043053e-02   2.9998702e-02   4.6545498e-02   3.0132591e-02   9.8891515e-02   8.1780937e-03   5.2173657e-02   8.2240965e-01   1.2357888e-01   5.5009100e-01
   3.3630638e-01   8.6591524e-04   1.6375477e-04   2.6507715e-02   3.5684795e-04   3.5362487e-04   1.4522052e-01   5.2717457e-03   9.7541386e-01   1.8666932e-01   9.2980027e-02   3.7174909e-03   7.0878726e-03   3.3973655e-03   1.6183298e-02   9.6955900e-01   4.9393407e-03   6.0305829e-01   4.1769530e-01   1.3521527e-01   9.8527056e-01
   7.8654704e-02   1.3806359e-04   7.5293095e-05   1.2787141e-04   7.8495217e-03   7.4706527e-03   9.2420228e-02   6.2326035e-05   4.5539131e-01   1.8697646e-02   1.0111752e-01   7.9090365e-03   1.3759901e-02   4.0975446e-02   1.4730525e-02   3.9345334e-02   3.2079841e-03   2.5786325e-02   5.8342780e-01   5.2857911e-02   5.3594628e-01
   8.7008469e-02   1.0158933e-03   2.1551673e-03   1.2996671e-03   1.8635591e-02   1.2621816e-02   8.3647859e-02   5.7008503e-04   2.7994762e-01   6.4725311e-03   1.2604640e-01   1.6974055e-02   2.7000876e-02   9.7706440e-02   1.5893386e-02   1.2230391e-01   1.8818755e-02   1.4652790e-01   5.4819030e-01   2.5570612e-02   5.2508437e-01
   1.0741343e-01   7.9787475e-01   7.2097877e-01   4.1888296e-01   6.1118569e-01   8.1229323e-01   1.9578055e-01   6.4633014e-01   1.8517786e-01   9.8764090e-02   7.9663646e-01   5.5191605e-01   5.3118466e-01   9.7622388e-01   4.8797654e-01   6.9896119e-01   9.7686627e-01   9.1442692e-01   2.3282910e-01   1.7145233e-01   8.2883868e-01
   3.8250646e-02   1.0468203e-01   2.9261173e-01   4.7056217e-02   2.9151113e-01   1.8736730e-01   9.0486637e-03   9.3842956e-02   3.2333240e-01   5.7863193e-02   3.8442622e-01   6.7024110e-02   6.1926315e-02   1.7075959e-01   7.6859117e-02   9.2728294e-01   3.9726429e-01   9.1712868e-01   5.7155857e-01   4.1713569e-02   9.5022086e-01
   1.6064379e-01   9.7172058e-01   5.2719334e-01   6.2845319e-01   3.5427969e-01   5.1317130e-01   4.4524917e-01   8.4336579e-01   1.7780756e-01   9.8746579e-02   8.1510028e-01   7.0578091e-01   7.0678164e-01   8.1137505e-01   6.4686833e-01   5.6039959e-01   9.6675281e-01   9.4640537e-01   2.0615777e-01   2.2647824e-01   7.0582241e-01
   6.8870743e-02   4.4950537e-01   9.1023410e-01   1.7061342e-01   9.2980100e-01   7.2333491e-01   4.4241774e-02   3.3387595e-01   1.1709783e-01   7.2419175e-02   8.9588780e-01   5.0934850e-01   4.5253357e-01   9.5307925e-01   3.1741832e-01   7.2044843e-01   9.8581103e-01   8.6466936e-01   1.8220581e-01   1.3773921e-01   8.9934742e-01
   4.7021913e-02   1.4101676e-01   3.8252909e-01   5.3885068e-02   5.0881947e-01   3.6089294e-01   5.4619368e-02   9.6711354e-02   8.0043059e-02   8.7917415e-03   5.4651433e-01   2.3167259e-01   2.2371874e-01   6.6125075e-01   1.1583883e-01   4.3110587e-01   3.7917302e-01   7.0526605e-01   2.2392534e-01   5.7258706e-02   9.7700137e-01
   3.4746915e-02   2.3481093e-01   5.3728181e-01   1.1455207e-01   7.9918084e-01   6.4413450e-01   1.3480316e-01   1.6714144e-01   6.4470061e-02   4.4851074e-03   5.1775622e-01   2.3542156e-01   2.3308701e-01   7.0904728e-01   1.3804611e-01   3.0989813e-01   3.5744826e-01   5.7156886e-01   1.5331044e-01   4.6045789e-02   9.2558832e-01
   2.9880242e-02   1.8041156e-01   4.4643315e-01   8.3432379e-02   6.7749093e-01   5.3665515e-01   1.0409169e-01   1.2511343e-01   5.4874776e-02   3.3655131e-03   5.2705119e-01   2.1937118e-01   2.1206674e-01   6.8903491e-01   1.1083483e-01   2.9904063e-01   3.3260217e-01   5.6000822e-01   1.4265407e-01   4.2847977e-02   8.6367200e-01
   8.9220582e-02   1.7250106e-02   7.6579458e-02   9.6094819e-03   4.6610023e-02   1.8050593e-02   1.4838463e-02   1.5227127e-02   1.7010526e-01   3.5971850e-02   5.5780021e-01   1.0770437e-01   8.6697173e-02   2.9345183e-01   2.6950729e-02   8.5579717e-01   2.0809563e-01   9.6308076e-01   5.8111614e-01   1.6396039e-01   9.0508271e-01
   9.1111174e-01   4.1313674e-01   3.4918002e-01   5.0578692e-01   5.4298857e-01   5.2315859e-01   4.8845991e-01   4.6134591e-01   4.0448717e-01   3.5355212e-01   5.7226394e-03   1.5006917e-01   3.9069503e-01   1.7357009e-01   6.6325052e-01   9.3288864e-01   1.1855174e-01   4.9530734e-01   3.3736397e-01   6.3916263e-01   5.6543318e-02
   3.8822783e-01   6.9945459e-01   8.3432831e-01   5.3997495e-01   7.7674246e-01   7.8462561e-01   7.6861638e-01   6.4850639e-01   2.1451083e-01   7.6093084e-01   1.8539676e-01   8.4399337e-01   8.3709395e-01   6.9190607e-01   5.3593219e-01   4.8420317e-01   9.1840384e-01   7.9490629e-01   1.9994135e-01   8.5202265e-01   5.0789227e-01
   1.7963625e-01   3.4242446e-02   5.7334250e-02   9.3026992e-02   1.1611962e-01   7.8321041e-02   1.6781912e-01   4.7980096e-02   9.9662605e-01   4.5608315e-02   8.5637588e-03   6.9664995e-04   5.9906250e-03   3.3218290e-03   3.6186251e-02   9.8016928e-01   8.2365842e-03   6.8669923e-01   5.4924577e-01   1.4376880e-01   9.9634053e-01
   8.2785107e-01   8.7353982e-02   4.6597954e-02   3.5383853e-01   7.3111233e-02   7.2777402e-02   8.5136583e-01   1.3531495e-01   5.7495844e-01   3.7751243e-01   4.9412838e-02   3.1364489e-02   7.3005566e-02   2.2214178e-02   1.4496843e-01   9.0865544e-01   1.1781635e-02   6.5957345e-01   2.3984794e-01   8.0265680e-01   8.7865527e-01
   4.6069755e-02   2.4299089e-02   4.4130007e-02   1.6634753e-02   1.2474065e-01   1.1876480e-01   1.2795760e-01   2.0892124e-02   2.7384186e-01   2.0975025e-02   2.8397850e-01   4.5355706e-02   4.6673338e-02   1.6257796e-01   3.1398126e-02   1.3268296e-01   3.0695181e-02   1.4167786e-01   3.4321682e-01   1.7798967e-01   3.3001806e-01
   5.8091890e-03   3.2953792e-03   1.2501070e-02   4.5771210e-04   7.4674995e-02   6.6833017e-02   3.0312783e-02   1.4750198e-03   1.1889889e-01   2.4505126e-03   2.9330031e-01   2.0309921e-02   1.7234576e-02   1.3240942e-01   1.0126931e-02   3.7592334e-02   4.3609684e-02   7.6627888e-02   1.5224730e-01   7.7956001e-03   4.4789483e-01
   4.1273253e-02   1.7541620e-02   8.0524541e-02   5.0100612e-03   1.2420752e-01   6.4791400e-02   2.6583099e-02   1.0233552e-02   1.2233699e-01   4.2814263e-03   3.3315979e-01   6.9517188e-02   7.1423188e-02   2.9502449e-01   2.8344556e-02   3.6376819e-01   1.1233596e-01   5.2154909e-01   3.7141250e-01   6.5062455e-02   9.7065372e-01
   5.7381109e-03   3.2503867e-03   1.2392735e-02   4.4849751e-04   7.4481962e-02   6.6637324e-02   3.0169503e-02   1.4453223e-03   1.1855638e-01   2.4176490e-03   2.9283753e-01   2.0118293e-02   1.7057106e-02   1.3179593e-01   1.0045934e-02   3.7388055e-02   4.3711618e-02   7.6528706e-02   1.5184430e-01   7.5493884e-03   4.5071272e-01
   4.1273176e-02   1.7541569e-02   8.0524376e-02   5.0100357e-03   1.2420734e-01   6.4791304e-02   2.6583047e-02   1.0233522e-02   1.2233695e-01   4.2814138e-03   3.3315964e-01   6.9517102e-02   7.1423101e-02   2.9502433e-01   2.8344497e-02   3.6376772e-01   1.1233563e-01   5.2154832e-01   3.7141232e-01   6.5062528e-02   9.7065239e-01
   6.2024054e-03   3.4955148e-03   1.2936830e-02   5.0751293e-04   7.5468877e-02   6.7630738e-02   3.1142805e-02   1.6159380e-03   1.2215905e-01   2.6393899e-03   2.9300637e-01   2.0887376e-02   1.7859038e-02   1.3357868e-01   1.0508382e-02   3.8915799e-02   4.2663089e-02   7.7085204e-02   1.5612630e-01   9.0655260e-03   4.3903044e-01
   4.1273457e-02   1.7541765e-02   8.0525034e-02   5.0101208e-03   1.2420796e-01   6.4791635e-02   2.6583260e-02   1.0233635e-02   1.2233675e-01   4.2814703e-03   3.3316132e-01   6.9517706e-02   7.1423615e-02   2.9502572e-01   2.8344720e-02   3.6376911e-01   1.1233696e-01   5.2155098e-01   3.7141232e-01   6.5062545e-02   9.7065749e-01
