   4.8671867e-02   3.7967971e-02   9.4221906e-02   2.7205370e-02   1.0185255e-01   6.9415151e-02   1.9576783e-02   4.0794308e-02   6.5542281e-01   1.7193371e-01   3.3737951e-01   1.7586418e-02   1.2748282e-02   2.4814499e-02   4.2080322e-02   8.6832898e-01   2.0127983e-01   8.2767063e-01   8.4596366e-01   8.6927929e-02   4.9257937e-01
   1.2965646e-01   7.7175558e-05   7.3878935e-05   2.0514062e-03   1.5119772e-04   6.3308400e-05   2.7436804e-02   5.9954376e-04   8.1001209e-01   1.2760465e-01   1.3816090e-01   1.4447908e-03   1.7464293e-03   1.9399468e-03   6.2000119e-03   7.4847266e-01   1.2728003e-02   5.2109588e-01   7.1855953e-01   6.1874469e-02   8.9229707e-01
   5.0496831e-01   4.8050465e-01   6.3002646e-01   6.3327244e-01   6.6788956e-01   5.4170822e-01   4.8886783e-01   5.5383627e-01   9.1535832e-01   5.1453432e-01   3.7881727e-01   1.7653958e-01   1.9920390e-01   1.6534085e-01   3.9383996e-01   4.4121019e-01   4.2696327e-01   5.9855623e-01   4.6587679e-01   1.9295821e-01   7.0953269e-02
   2.1705660e-01   1.6502924e-01   2.2329062e-01   1.1943405e-01   2.6866709e-01   2.2224604e-01   6.1731459e-02   1.8943130e-01   8.0011474e-01   4.8651097e-01   2.5717885e-01   6.7416967e-02   8.0014724e-02   4.7701274e-02   2.6034354e-01   9.9689464e-01   3.0926340e-01   7.4917339e-01   7.3093086e-01   1.2922817e-01   6.5126964e-01
   1.7384888e-01   5.4143653e-02   9.4580895e-02   7.9638608e-02   1.0594847e-01   6.7100160e-02   7.2685620e-02   7.1627022e-02   9.2411179e-01   2.3378388e-01   1.1472756e-01   7.5001006e-03   1.2182435e-02   6.1242430e-03   7.1427487e-02   8.0154608e-01   1.0880861e-01   9.6835895e-01   5.7160006e-01   1.1558380e-01   4.0629370e-01
   2.6243257e-01   3.1073483e-01   4.3742959e-01   2.7689053e-01   5.4670357e-01   4.4108658e-01   1.9610323e-01   3.2033352e-01   8.0337016e-01   4.3920866e-01   2.1676138e-01   7.2903011e-02   9.5149223e-02   5.9454892e-02   3.2072628e-01   8.8853213e-01   3.5338587e-01   9.1597469e-01   6.7947496e-01   1.6162974e-01   2.2523059e-01
   2.0787874e-01   2.3494086e-02   3.8720329e-02   9.5036915e-02   2.8459587e-02   1.6432289e-02   1.4741429e-01   4.1148081e-02   9.2754543e-01   2.4274794e-01   2.0606484e-01   4.8110051e-03   4.5208969e-03   3.1563431e-03   2.2852166e-02   6.2836811e-01   8.2870267e-02   7.8883545e-01   5.2759533e-01   1.4395848e-01   2.0144366e-01
   2.4924225e-01   2.5949881e-04   2.2327196e-06   5.6945489e-03   4.6002377e-05   2.1971229e-04   1.0082356e-01   1.2898993e-03   8.8771375e-01   2.6186065e-01   2.4603098e-01   1.4614448e-02   1.4206372e-02   1.2523749e-02   2.1260423e-02   4.5017332e-01   2.2167929e-02   2.7191819e-01   8.4395787e-01   1.4092290e-01   7.1539447e-01
   1.5834663e-01   6.5372898e-03   1.3197350e-02   3.4031034e-02   1.4200405e-02   7.4321380e-03   6.8265588e-02   1.5585151e-02   7.5274356e-01   1.2947232e-01   1.7742804e-01   5.1522284e-03   5.7392695e-03   8.1299270e-03   1.6561664e-02   8.2788184e-01   4.0370497e-02   9.5975999e-01   6.1176734e-01   4.5477517e-02   4.0365879e-01
   1.0518749e-01   6.6923420e-05   1.9167567e-04   2.0833380e-04   1.9369962e-03   8.0335680e-04   3.2541038e-02   1.0284993e-04   5.4427580e-01   3.5620768e-02   1.1396240e-01   6.0838270e-03   9.8309676e-03   2.4918728e-02   1.0028000e-02   3.1565706e-01   7.0615360e-03   2.2373253e-01   9.2861909e-01   7.6299434e-02   9.0474261e-01
   1.5749732e-01   1.1864399e-02   1.5792012e-02   2.5357029e-02   8.0457553e-02   5.6017410e-02   1.6645182e-01   1.5699915e-02   8.7178860e-01   4.8601401e-02   2.7104097e-02   2.3304758e-03   9.4099576e-03   8.9651750e-03   4.6748280e-02   4.4351002e-01   5.4747681e-03   2.4811782e-01   7.1497127e-01   2.1757411e-02   6.7467520e-01
   8.5196378e-01   1.1209691e-01   2.9676073e-02   4.5591230e-01   2.7111940e-02   5.5560402e-02   7.5397949e-01   2.1316800e-01   3.6432918e-01   8.2855189e-01   3.9248583e-01   7.1394184e-02   6.7778337e-02   8.8597312e-03   2.1716220e-01   7.3265953e-01   1.7401496e-01   8.4778926e-01   2.4382352e-01   4.5480788e-01   6.2728441e-01
   3.6160287e-01   3.8602713e-02   2.7890797e-02   1.6565829e-01   3.6295866e-02   3.1836215e-02   3.1629540e-01   7.1958441e-02   5.6778004e-01   4.6697606e-01   9.1958583e-02   1.9486955e-03   3.7138154e-03   6.6511569e-05   5.9434350e-02   7.4030799e-01   4.6136384e-02   8.9059870e-01   2.7767498e-01   1.7591205e-01   2.5717575e-01
   9.9677797e-01   2.3456468e-01   1.0399390e-01   7.5490508e-01   7.3130763e-02   1.1361727e-01   9.1069824e-01   3.9195569e-01   2.9544170e-01   6.3212119e-01   4.9367809e-01   1.0823821e-01   9.6621955e-02   1.2743298e-02   3.0298227e-01   3.6254337e-01   3.3412929e-01   7.0419236e-01   1.5188224e-01   5.3433825e-01   2.2079105e-01
   4.4275122e-01   7.8938262e-02   7.0880419e-02   3.2351318e-01   4.0657201e-02   3.6170791e-02   3.5492654e-01   1.4648737e-01   6.6665955e-01   6.4025714e-01   2.6707856e-01   1.1991817e-02   1.0582826e-02   1.3950137e-03   6.6077840e-02   3.3148119e-01   1.5581313e-01   5.4944155e-01   2.6626453e-01   2.7002181e-01   1.7473826e-01
   2.0589630e-01   5.1525182e-02   1.3418915e-01   1.0243229e-01   4.8282266e-02   2.1773811e-02   6.8059527e-02   7.0470839e-02   3.8749746e-01   1.8968267e-01   6.8456257e-01   9.8128901e-02   6.4938523e-02   1.5454802e-01   3.5388269e-02   4.3184246e-01   3.2879740e-01   3.6357425e-01   9.2810565e-01   2.4782587e-01   3.2687513e-01
   3.1334797e-01   1.3315342e-01   2.4667596e-01   3.3259103e-01   1.2089093e-01   7.7247946e-02   3.3607242e-01   1.8444280e-01   3.2250811e-01   2.3483006e-01   9.0296343e-01   1.6856463e-01   1.0544446e-01   2.4992749e-01   5.0693230e-02   3.5165098e-01   3.5632878e-01   2.6581221e-01   9.0723206e-01   2.9909268e-01   1.7421330e-01
   3.3394604e-01   1.2028856e-01   2.2615993e-01   3.0168747e-01   8.6775277e-02   5.3129442e-02   2.9553599e-01   1.7037622e-01   2.8104957e-01   2.5861401e-01   9.6697691e-01   2.1489754e-01   1.2988286e-01   3.1076656e-01   4.8793680e-02   3.3299905e-01   4.0181890e-01   2.3301995e-01   9.5383290e-01   3.6308664e-01   2.4397534e-01
   1.2398187e-01   1.7327196e-02   6.9712896e-02   1.4833253e-02   2.9915474e-02   1.0417200e-02   1.9822735e-02   1.8062550e-02   2.1303811e-01   6.6289101e-02   6.2255891e-01   1.1260051e-01   8.4558071e-02   2.6228186e-01   2.6166854e-02   9.5844378e-01   2.2546596e-01   8.0373567e-01   7.0724607e-01   2.1778272e-01   7.8987409e-01
   9.1675894e-01   5.2996899e-01   3.4979228e-01   7.4274360e-01   2.4775614e-01   3.6426321e-01   9.8287226e-01   6.2421842e-01   9.7778585e-01   3.8941731e-01   2.3100690e-01   9.7175467e-01   6.6115674e-01   6.6294880e-01   6.4092203e-01   9.2898042e-01   8.5535039e-01   9.6617052e-01   8.9971958e-01   7.8254965e-01   3.1376043e-01
   9.0319314e-01   5.2312921e-01   3.4666916e-01   7.2468559e-01   2.4414151e-01   3.5967663e-01   9.9919626e-01   6.1498320e-01   9.4514002e-01   4.0396219e-01   2.2173793e-01   9.8458321e-01   6.6988033e-01   6.8644249e-01   6.3428747e-01   9.0503674e-01   8.5463895e-01   9.5284462e-01   8.6738915e-01   7.7986505e-01   3.4793125e-01
   4.4983330e-01   2.3022216e-01   2.6242147e-01   3.0817982e-01   4.1140378e-01   3.2847139e-01   2.9470341e-01   2.6318210e-01   4.1231217e-01   3.2193187e-01   7.2118502e-03   1.2156061e-02   5.1950705e-02   7.2327467e-03   2.9613256e-01   8.2773597e-01   8.4985464e-02   7.4530952e-01   2.7449100e-01   2.5990243e-01   7.3121339e-01
   3.4700890e-01   3.0197323e-01   4.2688901e-01   2.2077099e-01   5.8021952e-01   4.5317275e-01   1.0518639e-01   3.0749627e-01   7.0977984e-01   2.0405675e-01   2.2791127e-02   6.6078508e-02   1.6628486e-01   9.5797031e-02   4.0299421e-01   9.7432503e-01   1.8194555e-01   7.1280913e-01   5.7900546e-01   2.6431949e-01   5.5499632e-01
   5.4424610e-01   6.8089427e-01   7.9610564e-01   3.4628741e-01   7.4343924e-01   7.4048030e-01   4.0052795e-01   5.9858075e-01   1.3291074e-01   4.0144025e-01   4.4664844e-01   5.5327121e-01   6.5905044e-01   2.4368237e-01   7.7671945e-01   2.5225604e-01   9.0263354e-01   5.2792509e-01   1.1899201e-01   8.3465272e-01   1.1477185e-02
   6.6625759e-01   9.6784744e-01   7.8220719e-01   4.8107083e-01   7.3235104e-01   7.7543887e-01   5.8160922e-01   8.3007216e-01   1.0159414e-01   4.4317487e-01   3.1429956e-01   2.3446550e-01   2.9415641e-01   4.5598499e-02   8.1747373e-01   1.3116801e-01   5.6311391e-01   4.1220785e-01   5.1266052e-02   9.8172714e-01   9.8244249e-02
   1.0272871e-01   9.2734160e-03   4.2051426e-02   1.2728753e-02   2.0988249e-02   6.9314450e-03   2.6542615e-02   1.0745576e-02   2.4567323e-01   5.1406747e-02   4.9210994e-01   5.4158136e-02   3.9739936e-02   1.4650866e-01   1.3654988e-02   9.8716837e-01   1.4208403e-01   8.7404519e-01   7.8511375e-01   1.5219764e-01   6.3756326e-01
   6.7003866e-01   9.6134344e-01   7.7539212e-01   4.8454052e-01   7.2394707e-01   7.6738331e-01   5.8548830e-01   8.3458185e-01   1.0218980e-01   4.4650950e-01   3.1233475e-01   2.3030549e-01   2.8920440e-01   4.4178849e-02   8.0919171e-01   1.3029012e-01   5.5572895e-01   4.1146278e-01   5.0956930e-02   9.8328574e-01   1.0299300e-01
   1.0272874e-01   9.2734323e-03   4.2051466e-02   1.2728794e-02   2.0988257e-02   6.9314516e-03   2.6542730e-02   1.0745598e-02   2.4567344e-01   5.1407006e-02   4.9211102e-01   5.4158178e-02   3.9739896e-02   1.4650852e-01   1.3654985e-02   9.8716788e-01   1.4208413e-01   8.7404482e-01   7.8511400e-01   1.5219800e-01   6.3756006e-01
   6.5409718e-01   9.9043431e-01   8.0671771e-01   4.7105637e-01   7.6444035e-01   8.0582096e-01   5.6909340e-01   8.1564963e-01   9.9598818e-02   4.3280342e-01   3.2046158e-01   2.4997614e-01   3.1289161e-01   5.1241704e-02   8.4827548e-01   1.3617896e-01   5.8873468e-01   4.1872037e-01   5.2818693e-02   9.7578717e-01   8.1233019e-02
   1.0272731e-01   9.2732635e-03   4.2051169e-02   1.2728399e-02   2.0988061e-02   6.9313577e-03   2.6542297e-02   1.0745356e-02   2.4566820e-01   5.1405720e-02   4.9211429e-01   5.4158646e-02   3.9740101e-02   1.4651085e-01   1.3654730e-02   9.8717470e-01   1.4208389e-01   8.7404841e-01   7.8510528e-01   1.5219763e-01   6.3756925e-01
