   9.4819731e-01   1.1473652e-01   3.8888974e-02   4.2636546e-01   1.1628539e-01   1.3026106e-01   8.7121921e-01   2.0209762e-01   1.6825861e-01   5.4200025e-01   1.7684575e-03   6.7278956e-03   4.3531633e-02   7.0007788e-04   2.6469403e-01   9.1817793e-01   2.7609769e-03   4.1184862e-01   5.3097003e-02   4.1398741e-01   9.8996155e-01
   4.6101440e-01   1.1373006e-03   2.0206438e-05   1.3310555e-02   4.1372581e-04   9.1700549e-04   2.5629270e-01   3.1562614e-03   9.4746854e-01   2.2645068e-01   1.5788058e-01   3.4224728e-02   5.0427064e-02   4.1891484e-02   4.8487124e-02   3.4303929e-01   7.0161785e-03   1.6733112e-01   7.2619133e-01   3.1304145e-01   4.8612342e-01
   5.9983198e-01   3.8386631e-01   2.1407655e-01   9.9886075e-01   1.2241027e-01   1.5209953e-01   9.5026021e-01   6.3084201e-01   2.8362757e-01   8.2489054e-01   2.7539464e-01   2.3687600e-01   3.1378527e-01   9.7469275e-02   4.5079774e-01   1.7032937e-01   1.6115963e-01   5.4732690e-01   5.4717882e-02   8.0011016e-01   7.2217737e-01
   8.9956648e-01   2.0544191e-01   1.1492544e-01   5.7938796e-01   1.5783312e-01   1.7136545e-01   7.6363882e-01   2.6470109e-01   7.0634168e-01   4.7741224e-01   1.4907775e-01   1.7075977e-01   2.6759606e-01   1.6723461e-01   2.9020200e-01   9.4930187e-01   4.4004009e-02   6.2810385e-01   3.6365559e-01   8.7349970e-01   8.8696752e-01
   7.9762981e-01   1.0767498e-01   3.4464116e-02   4.1766248e-01   1.5002047e-02   2.4987504e-02   5.6716694e-01   2.1467783e-01   4.5990461e-01   9.5385383e-01   2.8823675e-01   2.0511758e-01   2.6505169e-01   1.0636800e-01   3.1061390e-01   4.8576831e-01   1.5052760e-01   9.2311138e-01   1.5922413e-01   7.8904491e-01   4.9663177e-01
   8.7736163e-01   9.3042874e-02   3.1547617e-02   3.9251751e-01   1.9341717e-02   2.8225427e-02   5.8036662e-01   1.9120913e-01   4.7788198e-01   7.5263544e-01   1.6829241e-01   1.3294825e-01   2.0230176e-01   7.4625827e-02   2.5538806e-01   5.3327229e-01   7.3563290e-02   9.8501942e-01   1.4890827e-01   7.4545008e-01   4.4551693e-01
   1.6626812e-01   9.0740886e-01   6.5289136e-01   4.1540026e-01   5.0494113e-01   6.6120801e-01   2.0584219e-01   7.2686659e-01   1.2897608e-01   9.0887732e-02   9.1105381e-01   9.2269480e-01   9.3116757e-01   5.4312472e-01   7.1299872e-01   4.3255842e-01   8.8893898e-01   7.9362820e-01   1.2644993e-01   2.5526434e-01   4.6973997e-01
   2.0519412e-01   1.7468853e-03   4.0198495e-04   1.9997608e-03   1.6773769e-02   1.9933194e-02   2.3533170e-01   9.9409441e-04   5.4141844e-01   5.2704798e-02   1.4806381e-01   4.5144008e-02   6.8195925e-02   1.2280454e-01   5.6563801e-02   2.1832500e-02   7.8646391e-03   1.1734994e-02   6.1081443e-01   1.3990554e-01   4.6831858e-01
   7.0805671e-01   1.1475058e-02   1.1962563e-03   9.9461517e-02   2.3471748e-03   4.8932784e-03   4.1772842e-01   3.1603737e-02   7.4951034e-01   4.0598963e-01   1.3287362e-01   4.3594401e-02   7.0522559e-02   3.1859041e-02   9.0265378e-02   8.0435923e-01   1.2279967e-02   4.2067382e-01   3.8294698e-01   4.5470939e-01   4.5856184e-01
   9.0964147e-02   1.2011456e-03   5.3614289e-04   8.2895144e-04   2.3749395e-02   2.7006819e-02   1.6711162e-01   5.5934793e-04   4.4614652e-01   2.3532972e-02   1.2187405e-01   1.7405328e-02   2.7630534e-02   7.1323270e-02   2.9656428e-02   1.2774994e-02   5.8077407e-03   8.9424937e-03   4.6856077e-01   6.2792880e-02   4.1755732e-01
   1.0258440e-01   2.3859033e-03   4.4070047e-03   2.3020601e-03   2.3722458e-02   1.7565284e-02   9.6983956e-02   1.2646069e-03   2.2877664e-01   9.1979827e-03   1.9837222e-01   3.9994136e-02   5.2269209e-02   1.7320829e-01   2.3387815e-02   1.1037225e-01   4.0065778e-02   1.6160552e-01   4.4483339e-01   4.3926815e-02   4.1415903e-01
   5.5147220e-01   4.0280576e-01   1.4165364e-01   9.2725615e-01   1.1538631e-01   2.0455298e-01   6.9899066e-01   5.8477106e-01   2.2572352e-01   3.7833231e-01   6.7948237e-01   4.3483205e-01   4.3682709e-01   1.4654538e-01   6.6716763e-01   6.8828272e-01   3.9410032e-01   8.6251601e-01   1.8640209e-01   8.8412272e-01   8.3756867e-01
   1.7630695e-01   8.6194392e-01   6.7175580e-01   3.6593778e-01   7.1491853e-01   8.8877523e-01   8.7203423e-02   7.0896878e-01   1.0803764e-01   1.7444476e-01   7.5370702e-01   9.1929062e-01   9.9667673e-01   4.6137799e-01   6.8816387e-01   7.1636604e-01   6.0160349e-01   8.2385959e-01   1.2213465e-01   3.3241637e-01   4.1414875e-01
   3.4916563e-01   6.0882295e-01   2.6756826e-01   8.4157229e-01   1.6392912e-01   2.6772250e-01   6.3599179e-01   8.2650802e-01   1.6557126e-01   1.8691574e-01   9.0048293e-01   7.0842743e-01   6.9388356e-01   2.7567146e-01   9.1315661e-01   4.3035756e-01   6.6769282e-01   8.3613619e-01   1.3386318e-01   5.8647370e-01   8.1210125e-01
   2.7532273e-01   8.7112799e-01   4.6039607e-01   5.1581589e-01   3.9413778e-01   5.2943409e-01   2.5343559e-01   8.9718260e-01   1.1207189e-01   2.1562135e-01   6.7061195e-01   6.1968556e-01   6.6591768e-01   2.2213860e-01   9.9670429e-01   4.2590162e-01   4.8660157e-01   8.8119528e-01   7.3491705e-02   4.9611409e-01   5.8951773e-01
   1.4899049e-01   6.2330267e-01   9.4224420e-01   2.5702563e-01   6.6135552e-01   7.7343981e-01   3.1102964e-01   4.4691959e-01   1.3548973e-01   4.0389550e-02   6.4523943e-01   7.2588509e-01   7.8743382e-01   6.8394039e-01   6.0524451e-01   1.0364906e-01   6.8763668e-01   2.5537233e-01   1.0189949e-01   1.5154779e-01   4.7166008e-01
   1.1791254e-01   6.5594445e-01   9.7134539e-01   2.7473867e-01   5.9121776e-01   6.8341226e-01   3.0929702e-01   4.7502885e-01   1.8163066e-01   4.0497780e-02   5.3095589e-01   6.1496568e-01   6.9179736e-01   8.2826753e-01   5.9952252e-01   8.8911555e-02   6.4008139e-01   2.0876117e-01   1.0236413e-01   1.4984547e-01   4.0404280e-01
   1.3983466e-01   6.7405301e-01   9.5518354e-01   2.8983811e-01   5.8066533e-01   6.5440884e-01   3.3850170e-01   4.9106370e-01   2.3309694e-01   5.4310606e-02   4.9500605e-01   6.2739285e-01   7.2059900e-01   8.4340040e-01   6.5762142e-01   7.4931985e-02   6.3830274e-01   1.6712605e-01   1.1629790e-01   1.6369178e-01   3.7205807e-01
   8.3485874e-02   2.8182403e-01   5.2791174e-01   7.3535341e-02   8.8764537e-01   7.4727390e-01   1.2067931e-01   1.7725543e-01   1.5677968e-01   1.3379254e-02   3.7687069e-01   3.7415209e-01   4.4852781e-01   9.0154726e-01   3.3677848e-01   9.4165032e-02   3.7619408e-01   1.9657909e-01   1.5120295e-01   1.0072753e-01   3.8424053e-01
   9.2060488e-01   5.5228241e-01   3.7275560e-01   7.6084362e-01   2.6435494e-01   3.8289912e-01   9.6813130e-01   6.4472447e-01   9.6019209e-01   3.8311351e-01   2.1264361e-01   9.9793845e-01   6.8378534e-01   6.9483608e-01   6.5539561e-01   9.3202324e-01   8.2626490e-01   9.8154048e-01   8.8100521e-01   7.9610566e-01   2.9772215e-01
   8.8199180e-01   5.2288374e-01   3.5313161e-01   7.1423935e-01   2.5021419e-01   3.6472985e-01   9.9266902e-01   6.1106793e-01   9.1354027e-01   4.2049880e-01   2.1336435e-01   9.9033766e-01   6.7105976e-01   7.0286754e-01   6.2593746e-01   8.8803370e-01   8.5480392e-01   9.4664677e-01   8.3676416e-01   7.7929978e-01   3.4578475e-01
   1.4600161e-01   2.8871469e-02   5.6035184e-02   9.6199712e-02   7.1175100e-02   5.7396191e-02   2.9058972e-01   3.8799328e-02   2.0460021e-01   1.7139050e-02   3.3717117e-01   5.4247324e-02   5.2793373e-02   1.9610547e-01   1.3297424e-02   7.0769437e-01   3.2640650e-02   7.6583498e-01   6.6934122e-01   2.7650282e-01   5.9945594e-01
   7.8960411e-01   2.9878774e-01   1.6167728e-01   7.8808160e-01   1.6844076e-01   2.0640628e-01   5.4376319e-01   3.8753572e-01   7.2765697e-01   8.3566509e-01   4.8664050e-01   3.1974813e-01   3.5202629e-01   2.4460533e-01   3.5306559e-01   9.2451346e-01   1.3752908e-01   8.1408767e-01   4.0798409e-01   7.4959448e-01   6.4876717e-01
   1.0609518e-01   1.0809781e-01   1.7043674e-01   3.5216204e-02   2.4807338e-01   2.4116737e-01   1.3287837e-01   8.4600630e-02   9.7469281e-02   4.8551681e-02   8.3988105e-01   4.2861067e-01   3.7773515e-01   8.7693635e-01   1.4408884e-01   8.8229504e-02   2.3958276e-01   1.8537958e-01   1.1292277e-01   3.3421811e-01   3.0565581e-02
   2.1917435e-02   3.3127550e-02   7.9990124e-02   3.3337114e-03   2.1104913e-01   1.9015619e-01   5.2321596e-02   1.5792748e-02   5.2497720e-02   7.3154030e-03   6.4045441e-01   2.0998197e-01   1.7942287e-01   6.2682600e-01   6.9107211e-02   1.8453468e-02   1.8978153e-01   7.8024407e-02   5.2201826e-02   4.5263213e-02   2.2066483e-01
   1.0001158e-01   2.9229874e-01   5.0940176e-01   8.2463621e-02   9.6104986e-01   8.2873219e-01   2.3053295e-01   1.7397049e-01   1.5708105e-01   9.6302987e-03   3.3041537e-01   3.7550875e-01   4.6880613e-01   9.2807490e-01   3.5863429e-01   3.6673725e-02   2.9132418e-01   9.6860834e-02   1.3596828e-01   1.1382323e-01   4.3968281e-01
   2.1492078e-02   3.2513294e-02   7.8943467e-02   3.2311192e-03   2.1020749e-01   1.8927184e-01   5.1882787e-02   1.5374611e-02   5.2528036e-02   7.1581012e-03   6.3691985e-01   2.0709667e-01   1.7692538e-01   6.2178036e-01   6.8334044e-02   1.8185129e-02   1.8899797e-01   7.7368177e-02   5.2134899e-02   4.3776617e-02   2.2609559e-01
   1.0001154e-01   2.9229783e-01   5.0940032e-01   8.2463213e-02   9.6104784e-01   8.2873035e-01   2.3053195e-01   1.7396998e-01   1.5708111e-01   9.6302290e-03   3.3041424e-01   3.7550809e-01   4.6880573e-01   9.2807426e-01   3.5863365e-01   3.6673713e-02   2.9132300e-01   9.6860614e-02   1.3596847e-01   1.1382333e-01   4.3967749e-01
   2.3850191e-02   3.5778446e-02   8.4398304e-02   3.8010212e-03   2.1457355e-01   1.9384949e-01   5.4314565e-02   1.7633467e-02   5.2721762e-02   8.0293600e-03   6.5401911e-01   2.2189446e-01   1.8989077e-01   6.4698680e-01   7.2464687e-02   1.9678046e-02   1.9264884e-01   8.0782809e-02   5.2837899e-02   5.2011344e-02   1.9964446e-01
   1.0001348e-01   2.9230309e-01   5.0940725e-01   8.2465880e-02   9.6105813e-01   8.2873977e-01   2.3053593e-01   1.7397350e-01   1.5708490e-01   9.6306308e-03   3.3041183e-01   3.7550931e-01   4.6880834e-01   9.2807343e-01   3.5863963e-01   3.6674606e-02   2.9132741e-01   9.6861993e-02   1.3597139e-01   1.1382250e-01   4.3969360e-01
