   2.3270318e-06   1.1644063e-05   1.5709387e-01   5.8694728e-03   6.9368826e-02   3.5603354e-02   6.1120641e-02   1.1498934e-03   2.3588901e-06   1.9499253e-05   2.1839468e-01   4.7841685e-05   2.9961785e-03   9.1595466e-09   1.3645763e-01   5.8230336e-04   3.7517155e-01   8.2402407e-02   7.5375079e-07   9.5774521e-02   4.7267779e-01
   1.3185880e-02   2.2954316e-02   3.1623962e-01   1.6131276e-01   4.7749231e-01   3.4113112e-01   3.5579607e-01   5.1177601e-02   1.5268086e-02   2.1776156e-02   3.9401068e-01   4.3502159e-03   2.5547906e-02   4.2758652e-03   3.6098874e-01   7.7058692e-03   5.7964032e-01   3.8991025e-02   9.9287650e-03   3.1181669e-01   6.0211967e-01
   1.6101216e-01   2.0274760e-01   3.1157381e-01   7.7973233e-01   9.5782563e-01   8.1826679e-01   9.2849905e-01   7.6790906e-01   1.7800307e-01   5.4599330e-02   5.0764296e-01   1.8589096e-01   2.6285800e-02   7.2353980e-02   6.7570467e-01   3.1626824e-02   7.4827135e-01   2.7700399e-02   1.0345585e-01   6.7013728e-01   1.8821032e-01
   8.9476630e-04   2.2662209e-03   1.5474657e-01   1.1533481e-01   3.2118755e-01   2.5479150e-01   4.5632278e-01   3.3824297e-02   1.2925416e-03   1.4577067e-03   3.9852368e-01   9.7182572e-04   5.4819821e-03   1.2763458e-04   2.9190021e-01   5.2527587e-03   5.7411405e-01   9.0516918e-02   5.2696905e-04   1.6411943e-01   6.5144185e-01
   5.4175694e-02   6.4711121e-02   4.1312182e-01   6.2955785e-01   5.0391705e-01   3.9905624e-01   5.7353782e-01   3.1839545e-01   5.9161288e-02   1.9800245e-02   8.5066078e-01   5.5884739e-02   1.8955756e-02   1.5386114e-02   8.3460283e-01   3.3299558e-03   9.2151910e-01   5.4864508e-03   3.2408496e-02   8.5429943e-01   2.9428733e-01
   8.8847171e-02   9.9205491e-02   4.4312484e-01   9.0111714e-01   5.2246807e-01   4.8695667e-01   7.4257253e-01   5.2606656e-01   9.9332946e-02   3.2595911e-02   7.1616242e-01   7.4968705e-02   1.7362774e-02   2.6218763e-02   9.7523633e-01   1.2492332e-02   7.9859552e-01   1.7708597e-02   5.9665709e-02   8.7202242e-01   3.3007102e-01
   8.8110645e-02   1.1414545e-01   6.1492997e-01   5.0856988e-01   4.8471107e-01   5.5591400e-01   8.5488031e-01   2.2258889e-01   1.0079962e-01   1.9943345e-01   2.3017618e-01   1.2755892e-02   1.2939545e-01   5.2664409e-02   4.6924606e-01   1.9097800e-01   5.1704195e-01   4.9747588e-01   8.6606928e-02   1.1260024e-01   9.4058106e-01
   4.2445826e-02   7.1842693e-02   2.5071367e-01   3.1102513e-02   5.8889818e-01   5.1284602e-01   2.3158179e-01   2.0450708e-02   4.3941425e-02   1.6396780e-01   7.7109440e-02   1.1111905e-02   2.5777877e-01   3.7541732e-02   9.4067035e-02   2.4208907e-01   2.9488060e-01   7.2557649e-01   7.2753148e-02   2.9705502e-02   3.5651079e-01
   4.1606541e-02   5.5868218e-02   3.0202647e-01   6.1344779e-01   6.2053940e-01   4.6233561e-01   6.0639471e-01   2.8535409e-01   4.6535399e-02   1.5832402e-02   9.0858308e-01   4.8656161e-02   1.4975664e-02   1.3550210e-02   8.3437534e-01   4.6993220e-03   9.0536582e-01   9.0201581e-03   2.5307137e-02   9.1076804e-01   2.7945280e-01
   1.4193984e-01   1.6301274e-01   6.7511695e-01   1.7177200e-02   4.3279104e-01   3.7305024e-01   6.7288258e-01   1.7493904e-02   1.3462325e-01   5.2542301e-01   1.4088216e-02   1.4155213e-01   7.5277200e-01   2.2767245e-01   3.7003740e-03   6.3155153e-01   2.8028999e-01   7.3391206e-01   2.3910203e-01   4.6045455e-02   1.3107852e-01
   4.1099288e-01   5.7429706e-01   3.3524166e-02   2.8023787e-01   5.3143152e-01   5.2039141e-01   7.9565775e-01   4.6495892e-01   4.2315290e-01   1.1745460e-01   1.7624664e-01   3.2674744e-01   1.3551699e-02   1.6538997e-01   1.0791980e-01   2.9694504e-01   8.7010707e-01   4.7906635e-01   3.3673961e-01   7.7063327e-01   2.5452146e-01
   1.4031860e-01   2.1337847e-01   3.5098987e-01   8.0708940e-01   8.3437401e-01   9.6921974e-01   6.8466308e-01   4.7448375e-01   1.7035584e-01   2.9129906e-01   2.9143446e-01   1.0291233e-02   8.4714720e-02   7.4148507e-02   8.2624502e-01   4.4997058e-01   2.4835293e-01   8.7068641e-01   1.5971468e-01   2.1655249e-01   8.7964378e-01
   4.5008689e-02   7.2260287e-02   3.3396233e-01   4.5555834e-01   6.3906614e-01   6.1344592e-01   8.2161251e-01   1.9574224e-01   5.3405470e-02   7.9801141e-02   3.8336896e-01   6.5340053e-03   4.1461783e-02   1.7359284e-02   5.6901678e-01   5.9903066e-02   4.8008356e-01   1.9246182e-01   3.8452540e-02   2.2479600e-01   7.7180831e-01
   3.2507499e-01   3.9575904e-01   5.8330903e-01   8.7487180e-01   8.2100893e-01   9.2284566e-01   5.3831162e-01   7.6813216e-01   3.7476106e-01   5.2432232e-01   4.1089201e-01   7.1339590e-02   2.2118183e-01   2.3004951e-01   8.8335790e-01   8.3859245e-01   5.7524464e-01   7.1465648e-01   3.6027288e-01   1.7547994e-01   7.3950139e-01
   1.7489027e-01   2.4506394e-01   5.2841345e-01   5.5360914e-01   7.6465630e-01   8.8519285e-01   9.2492020e-01   2.9200070e-01   1.9740214e-01   4.4402619e-01   1.2753652e-01   1.4658759e-02   2.2996055e-01   1.2299928e-01   5.0249381e-01   5.2134511e-01   3.1035802e-01   9.5407819e-01   1.9035526e-01   5.1839834e-02   6.1432848e-01
   2.9831219e-01   3.0370388e-01   8.4493178e-01   4.2165413e-01   3.8874561e-01   5.7508140e-01   9.8697373e-01   2.2296653e-01   3.1688607e-01   7.8078881e-01   4.2160353e-02   1.1228846e-01   8.8346060e-01   3.7333141e-01   1.6390715e-01   9.7098145e-01   6.2270383e-01   3.6731046e-01   3.5673925e-01   1.3570500e-02   2.0117458e-01
   8.5230920e-01   8.2122557e-01   6.1008061e-01   9.3233125e-01   5.3073700e-01   8.3601046e-01   4.6711170e-01   6.8378261e-01   8.7323798e-01   4.5921784e-01   2.2979597e-02   5.4642607e-01   3.4213952e-01   8.1960395e-01   2.7764929e-01   1.0079111e-01   5.6522735e-01   3.9611368e-03   8.8994232e-01   9.5693994e-02   1.8900088e-01
   8.6133111e-01   8.0578394e-01   5.4558280e-01   8.8411478e-01   4.5980376e-01   7.3188093e-01   4.8247129e-01   6.4824749e-01   8.7416339e-01   4.3634442e-01   1.6825786e-02   6.3691830e-01   2.5183225e-01   7.5526671e-01   2.2739711e-01   8.0939714e-02   6.0559612e-01   2.0045904e-03   8.5963427e-01   1.2134010e-01   2.0404710e-01
   1.6121722e-01   1.2228183e-01   3.8922584e-01   1.5297659e-01   1.2682839e-01   1.5014546e-01   2.6034843e-01   4.8870841e-02   1.7063226e-01   4.2801766e-01   8.8998897e-02   8.1832518e-02   5.5014646e-01   2.0355553e-01   1.0579625e-01   2.8864527e-01   6.5469554e-01   5.9789015e-01   1.2906254e-01   3.0211742e-02   4.2373821e-01
   1.6011285e-01   2.1772809e-01   3.4623940e-01   9.1910965e-01   7.4982162e-01   9.2678418e-01   5.8247649e-01   7.2992328e-01   1.9740272e-01   2.1589503e-01   6.2372012e-01   2.8711590e-02   4.8032003e-02   7.8109820e-02   9.1849922e-01   4.6996179e-01   4.7161247e-01   8.3381921e-01   1.7374954e-01   4.6207061e-01   6.4532445e-01
   1.5821388e-01   2.1471682e-01   3.5098949e-01   9.2256982e-01   7.4122158e-01   9.1726460e-01   5.8444656e-01   7.2678203e-01   1.9536207e-01   2.1296112e-01   6.2537266e-01   2.8557820e-02   4.7359598e-02   7.7053664e-02   9.1784336e-01   4.6369736e-01   4.6941902e-01   8.2353635e-01   1.7120324e-01   4.6930243e-01   6.3098207e-01
   1.1474252e-02   1.8328100e-02   3.3042682e-01   7.5283519e-02   3.8033964e-01   2.6922113e-01   3.1935270e-01   2.3169849e-02   1.0917171e-02   3.2005812e-02   1.8223080e-01   8.5142209e-03   1.2179722e-01   7.6335686e-03   1.6598750e-01   1.1287886e-02   4.0714020e-01   1.0642456e-01   9.8010802e-03   9.9625314e-02   9.6261412e-01
   1.3198245e-02   1.2555819e-02   4.1499012e-01   3.6002382e-03   2.7840639e-01   1.0624704e-01   6.6401595e-02   3.6172170e-03   1.0405860e-02   1.0101835e-02   5.0742222e-01   2.1840035e-01   3.2710518e-01   2.4904587e-02   5.2314237e-02   5.8610413e-03   9.0779891e-01   5.8303291e-02   7.2086265e-03   2.5656283e-01   9.3032088e-01
   4.9126620e-01   4.1326930e-01   5.4085706e-01   7.5667418e-01   3.0425853e-01   2.6608935e-01   8.7179151e-01   7.0842746e-01   5.1645436e-01   3.8771630e-01   8.1486289e-01   7.1118632e-01   4.7378172e-01   4.8507907e-01   8.4999499e-01   2.7741867e-01   7.0575213e-01   1.7763773e-01   3.9196481e-01   2.7262944e-01   2.6347637e-02
   2.8392506e-01   4.5008299e-01   2.3647695e-01   3.0218274e-01   8.1158191e-01   7.3972047e-01   8.8467817e-01   2.3208033e-01   3.0563182e-01   8.2109056e-01   2.9300753e-02   4.1677134e-02   6.8852876e-01   3.1081425e-01   2.9834777e-01   7.5451917e-01   3.2264435e-02   2.5744299e-01   4.7046910e-01   7.6926639e-02   3.4456950e-01
   1.4161112e-01   1.3168014e-01   7.2621252e-01   2.0173296e-01   2.0582617e-01   2.9031813e-01   4.8948133e-01   7.3265916e-02   1.5166697e-01   4.7398562e-01   3.7852979e-02   3.9176953e-02   5.6215416e-01   1.7313458e-01   1.1022868e-01   5.0379657e-01   8.3919365e-01   9.0321820e-01   1.5106103e-01   7.6074099e-03   2.8466192e-01
   2.7661377e-01   4.4077900e-01   2.3692527e-01   2.9670302e-01   8.2083680e-01   7.4874901e-01   8.8600590e-01   2.2678707e-01   2.9840296e-01   8.1184634e-01   2.8294967e-02   3.9540885e-02   6.8034474e-01   3.0328604e-01   2.9591952e-01   7.6277029e-01   3.0441773e-02   2.6147495e-01   4.6105157e-01   7.7340622e-02   3.5445052e-01
   1.4161112e-01   1.3168014e-01   7.2621252e-01   2.0173296e-01   2.0582617e-01   2.9031813e-01   4.8948133e-01   7.3265916e-02   1.5166697e-01   4.7398562e-01   3.7852979e-02   3.9176953e-02   5.6215416e-01   1.7313458e-01   1.1022868e-01   5.0379657e-01   8.3919365e-01   9.0321820e-01   1.5106103e-01   7.6074099e-03   2.8466192e-01
   3.2540665e-01   5.0189701e-01   2.3378368e-01   3.3404823e-01   7.6215834e-01   6.9233125e-01   8.7865167e-01   2.6293119e-01   3.4637195e-01   8.6939011e-01   3.5834027e-02   5.5035919e-02   7.3132465e-01   3.5297641e-01   3.1363226e-01   7.1251054e-01   4.3975076e-02   2.3797762e-01   5.2244384e-01   7.5795006e-02   2.9669059e-01
   1.4160984e-01   1.3167869e-01   7.2620940e-01   2.0173176e-01   2.0582370e-01   2.9031517e-01   4.8948048e-01   7.3265209e-02   1.5166571e-01   4.7398321e-01   3.7852791e-02   3.9176538e-02   5.6215222e-01   1.7313321e-01   1.1022827e-01   5.0379344e-01   8.3919224e-01   9.0322229e-01   1.5105950e-01   7.6074659e-03   2.8466512e-01
