   5.0797232e-04   6.1642458e-04   3.5747345e-01   8.2923061e-02   1.3616096e-01   5.0007102e-02   1.2713773e-01   1.2007396e-02   4.0768678e-04   7.2438949e-04   3.0295752e-01   1.3555732e-03   6.7497714e-03   1.5706313e-04   3.5425570e-01   1.5006061e-04   9.6386681e-01   3.0603301e-02   2.8751832e-05   1.9705696e-01   2.8055970e-01
   1.4325112e-01   1.7197936e-01   7.0051139e-01   4.9984871e-01   8.1306568e-01   5.8473610e-01   8.0498230e-01   2.1528010e-01   1.5206796e-01   2.1716820e-01   4.0974748e-01   5.6180470e-02   1.5573223e-01   1.0648265e-01   6.2247921e-01   4.2563139e-02   9.1385462e-01   5.8882281e-02   8.8401203e-02   5.5433672e-01   5.7759049e-01
   4.3509127e-01   5.1661635e-01   3.1982297e-01   5.3491661e-01   6.6202481e-01   7.8839036e-01   6.7251349e-01   7.6254251e-01   4.7286409e-01   1.3894260e-01   1.6781238e-01   5.3493279e-01   5.6365319e-02   2.3685974e-01   3.3571277e-01   6.2953363e-02   8.5435554e-01   1.4190252e-02   3.0259697e-01   2.7121590e-01   1.1529059e-01
   2.3906560e-01   2.5735757e-01   6.9180834e-01   8.3417699e-01   8.9971376e-01   7.4082953e-01   8.3797041e-01   4.6046402e-01   2.4799015e-01   2.5396558e-01   6.8840012e-01   2.1520807e-01   2.4821634e-01   2.0920491e-01   7.7220088e-01   1.0651588e-01   6.6945501e-01   1.8113987e-01   1.3662573e-01   5.0067704e-01   8.1712194e-01
   1.7217695e-01   1.7399586e-01   8.3535803e-01   6.6354848e-01   6.0772198e-01   4.4514992e-01   7.3020448e-01   3.7895019e-01   1.8266266e-01   1.1844232e-01   9.7267000e-01   1.5315828e-01   1.0921326e-01   9.7695091e-02   8.3035134e-01   8.4780199e-03   8.7795050e-01   2.5232047e-03   1.0349403e-01   9.1268052e-01   2.7151970e-01
   1.8870092e-01   2.0348639e-01   6.1249034e-01   9.1844605e-01   7.2562086e-01   6.2590722e-01   8.6413005e-01   5.9887565e-01   2.0652698e-01   9.0928705e-02   6.6545549e-01   1.5449301e-01   4.9563160e-02   8.1321426e-02   9.2140834e-01   1.2125879e-02   8.0703809e-01   4.1583824e-03   1.1813456e-01   9.0239112e-01   3.1064775e-01
   4.3192390e-01   4.4975418e-01   7.4468228e-01   8.0002731e-01   5.9615956e-01   7.8124395e-01   8.5833561e-01   4.6183977e-01   4.7031397e-01   8.6562930e-01   1.3116932e-01   8.4099121e-02   5.6933620e-01   4.1673073e-01   5.4099883e-01   6.7476163e-01   5.9013342e-01   9.1893953e-01   4.3685463e-01   1.1671502e-01   6.1886475e-01
   2.7308549e-01   3.5935580e-01   3.7249535e-01   3.9609594e-01   8.3470346e-01   9.9926827e-01   7.2741829e-01   2.0734601e-01   2.6533149e-01   5.4812286e-01   1.4564978e-01   9.2238175e-02   5.0266938e-01   2.6885926e-01   3.4348713e-01   4.2863228e-01   8.9008202e-01   8.6412937e-01   2.6581314e-01   6.5676251e-02   2.6701559e-01
   3.1772597e-01   4.0986855e-01   3.4392210e-01   7.7818368e-01   6.4189979e-01   7.9739075e-01   7.2690775e-01   8.7473656e-01   3.5385287e-01   1.8066936e-01   5.7778318e-01   1.9190410e-01   3.8961501e-02   1.5856973e-01   5.5720720e-01   6.1483383e-02   8.6599363e-01   3.2330574e-02   1.8771632e-01   8.2643776e-01   3.4224927e-01
   7.1576595e-01   7.5587571e-01   8.4817591e-01   6.0586777e-01   9.9100107e-01   8.6847034e-01   4.7682235e-01   4.2560771e-01   6.7629347e-01   8.9337581e-01   1.6245471e-01   6.7537563e-01   4.8230775e-01   8.2344831e-01   1.4540619e-01   9.0012651e-01   9.9797568e-01   4.3131226e-01   7.3378008e-01   2.7625160e-01   2.0760336e-01
   1.5411500e-01   2.6436884e-01   5.9060175e-02   5.4357483e-01   5.2021677e-01   7.0269216e-01   8.1610847e-01   9.1327681e-01   1.6970243e-01   8.8665055e-02   8.2583431e-01   4.8023393e-02   4.5025394e-03   5.9268580e-02   3.0500585e-01   1.3444612e-01   9.9058607e-01   3.1030690e-01   9.9379779e-02   8.5802457e-01   2.3212012e-01
   6.3073818e-01   7.4020804e-01   9.0185624e-01   8.8203147e-01   8.6472385e-01   6.9515272e-01   3.3011390e-01   8.0082409e-01   6.9074325e-01   9.1471689e-01   1.9835562e-01   1.1758918e-01   5.7405512e-01   5.5423791e-01   8.6095143e-01   9.9889373e-01   3.2051722e-01   7.5858426e-01   6.2659710e-01   2.1096417e-01   7.0426821e-01
   2.4094828e-01   2.5914890e-01   9.9724073e-01   7.4131863e-01   6.4577220e-01   6.5862518e-01   9.0813566e-01   3.8681184e-01   2.6854117e-01   3.6943634e-01   4.3007167e-01   8.6442121e-02   2.4877278e-01   1.8443651e-01   6.2379385e-01   1.6351735e-01   8.6866119e-01   2.0732133e-01   1.8673488e-01   3.8390590e-01   8.6668747e-01
   5.2375676e-01   5.9952665e-01   8.4114848e-01   8.8207862e-01   8.6127674e-01   8.1171093e-01   5.1123258e-01   8.2803036e-01   5.8904702e-01   8.8558577e-01   2.8542321e-01   1.1568641e-01   4.4269943e-01   4.5012954e-01   8.4506238e-01   8.3817124e-01   4.5973606e-01   4.8638166e-01   5.8337742e-01   1.2304594e-01   5.2475553e-01
   5.9018224e-01   6.4982299e-01   8.9175477e-01   9.5334604e-01   8.5092230e-01   9.2545787e-01   6.7442923e-01   6.2103451e-01   6.3259827e-01   9.1833017e-01   1.3259214e-01   1.0373503e-01   6.4026343e-01   5.4379289e-01   6.5253600e-01   9.7640051e-01   5.4549811e-01   6.8903767e-01   5.9080720e-01   6.5089657e-02   3.9676039e-01
   5.2650390e-01   4.7749227e-01   4.3588949e-01   5.1672191e-01   3.2296841e-01   5.6183133e-01   8.3726770e-01   3.0815603e-01   5.5170708e-01   8.4761901e-01   3.3860215e-02   1.7996700e-01   8.6709289e-01   6.7189591e-01   1.9994032e-01   8.0985155e-01   8.0498397e-01   4.0524957e-01   6.1424491e-01   1.4523220e-02   1.3838519e-01
   7.5475833e-01   7.8137575e-01   5.4030329e-01   7.8121246e-01   7.5602485e-01   8.4392186e-01   4.4780932e-01   9.5646784e-01   7.3358527e-01   2.0793389e-01   4.3282680e-02   7.4322631e-01   2.3919496e-01   4.7782132e-01   5.0015480e-01   4.0156509e-02   5.2581828e-01   2.6352065e-03   4.9680906e-01   1.3409672e-01   1.3684463e-01
   9.3636531e-01   9.8735442e-01   3.7795977e-01   9.9511195e-01   4.9110396e-01   8.3026019e-01   5.7511188e-01   7.6666116e-01   9.1864527e-01   2.6749291e-01   1.4672720e-02   6.5418870e-01   2.0975206e-01   5.7013234e-01   2.9270617e-01   6.6378223e-02   6.4710897e-01   4.7553642e-03   6.5216841e-01   1.0930597e-01   1.4722742e-01
   2.5879932e-01   1.8490452e-01   2.3018315e-01   1.9928978e-01   1.1927007e-01   1.5218128e-01   2.3359085e-01   7.2969583e-02   2.7206078e-01   6.2853297e-01   7.7868204e-02   1.3280223e-01   7.2844415e-01   3.5742065e-01   1.2523361e-01   3.9521871e-01   5.3570236e-01   6.1998569e-01   2.2815575e-01   4.8164792e-02   4.0550908e-01
   4.5234014e-01   3.9004712e-01   5.8408881e-01   7.9244412e-01   2.9050987e-01   2.7137599e-01   8.5697063e-01   7.1933610e-01   4.7901270e-01   3.4724455e-01   8.0199195e-01   6.1867941e-01   3.8115849e-01   4.2125898e-01   7.7441559e-01   2.7710814e-01   6.2389008e-01   2.0748280e-01   3.4879038e-01   3.2152384e-01   2.0707544e-02
   4.6002625e-01   3.9660026e-01   5.7791044e-01   7.9932282e-01   2.9398856e-01   2.7602121e-01   8.6484256e-01   7.2655018e-01   4.8725254e-01   3.5422452e-01   7.9918460e-01   6.2795051e-01   3.8817678e-01   4.2989737e-01   7.7356754e-01   2.8200576e-01   6.3024977e-01   2.0915803e-01   3.5558385e-01   3.2188406e-01   2.1712686e-02
   4.8234108e-01   5.2944487e-01   8.4236287e-01   8.7362753e-01   9.7055322e-01   9.0328741e-01   4.3576565e-01   7.6129543e-01   5.1637518e-01   6.8237608e-01   4.5239001e-01   1.9827033e-01   4.4172646e-01   4.1988835e-01   8.4573241e-01   4.6991109e-01   8.9183798e-01   6.3726028e-01   3.8990099e-01   2.9356588e-01   7.8083352e-01
   2.4916485e-01   2.6139817e-01   7.2499107e-01   8.9096193e-01   8.8363532e-01   7.3010846e-01   8.0625377e-01   4.8926359e-01   2.5889179e-01   2.5993109e-01   7.0845011e-01   2.5974679e-01   2.7219136e-01   2.3427566e-01   7.9000693e-01   1.4036701e-01   5.7028831e-01   2.4950957e-01   1.4356912e-01   5.0838973e-01   8.1557351e-01
   3.7872724e-01   3.1922553e-01   6.1002512e-01   6.9289126e-01   2.5026426e-01   2.2915446e-01   7.9888701e-01   6.2761398e-01   4.0375687e-01   2.8714252e-01   8.4028673e-01   5.5874468e-01   3.4509704e-01   3.5632039e-01   8.6150646e-01   2.3254143e-01   6.3508236e-01   1.7863394e-01   2.8813880e-01   3.4214084e-01   2.2293265e-02
   8.8577088e-01   9.3370878e-01   4.8978638e-01   9.8481800e-01   4.6806888e-01   3.5905110e-01   4.8773946e-01   8.0585418e-01   9.0929723e-01   5.6624131e-01   1.0728614e-01   2.4500307e-01   9.4281658e-01   9.0045196e-01   6.3061516e-01   4.1460245e-01   3.8673051e-01   1.4875928e-01   9.6646612e-01   5.9227116e-02   9.1288759e-02
   3.2870564e-01   2.7365839e-01   3.4957841e-01   3.2903233e-01   2.1513926e-01   3.1862944e-01   4.7212007e-01   1.3698587e-01   3.4608694e-01   8.6164898e-01   3.0480793e-02   9.4777616e-02   8.3970902e-01   4.4096925e-01   1.6400520e-01   6.9500813e-01   9.0062580e-01   9.1209957e-01   3.3809606e-01   1.7996700e-02   2.6604156e-01
   8.7340429e-01   9.4557567e-01   4.9115800e-01   9.8855796e-01   4.7499790e-01   3.6428948e-01   4.8466328e-01   7.9837785e-01   8.9779678e-01   5.7357358e-01   1.0386732e-01   2.3505380e-01   9.5504567e-01   8.8747634e-01   6.3040212e-01   4.2080939e-01   3.7573109e-01   1.5086242e-01   9.7984062e-01   5.8789097e-02   9.5984209e-02
   3.2870585e-01   2.7365862e-01   3.4957869e-01   3.2903248e-01   2.1513954e-01   3.1862978e-01   4.7212015e-01   1.3698597e-01   3.4608713e-01   8.6164927e-01   3.0480804e-02   9.4777682e-02   8.3970923e-01   4.4096947e-01   1.6400523e-01   6.9500851e-01   9.0062566e-01   9.1209908e-01   3.3809630e-01   1.7996679e-02   2.6604119e-01
   9.3890188e-01   8.8348796e-01   4.8423181e-01   9.6910107e-01   4.3989297e-01   3.3824295e-01   5.0275389e-01   8.3833000e-01   9.5854399e-01   5.3675831e-01   1.2401359e-01   2.9178140e-01   8.9119497e-01   9.5606168e-01   6.3239419e-01   3.8986789e-01   4.3714891e-01   1.4104742e-01   9.0961492e-01   6.1900740e-02   7.3737003e-02
   3.2870511e-01   2.7365790e-01   3.4957829e-01   3.2903222e-01   2.1513885e-01   3.1862892e-01   4.7211987e-01   1.3698573e-01   3.4608640e-01   8.6164809e-01   3.0480790e-02   9.4777341e-02   8.3970789e-01   4.4096851e-01   1.6400542e-01   6.9500719e-01   9.0062637e-01   9.1210026e-01   3.3809531e-01   1.7996695e-02   2.6604247e-01
