   1.6113799e-03   3.1582003e-03   1.5930379e-01   7.8203652e-03   1.3106687e-01   1.2537792e-01   1.1822110e-01   1.0467530e-02   1.8686332e-03   3.7958080e-03   3.0332647e-01   4.3800823e-03   3.7611520e-02   5.7838329e-04   1.2912439e-01   4.8587777e-02   1.6922321e-01   3.6862964e-01   4.0353566e-03   1.4420728e-01   8.2709652e-01
   3.7597775e-01   4.1301295e-01   4.0512568e-01   3.7463091e-01   5.0855027e-01   6.3709092e-01   3.3412797e-01   5.1956983e-01   3.7926330e-01   2.8921902e-01   8.8501880e-01   5.6026191e-01   4.9239614e-01   3.0458842e-01   6.0994981e-01   8.0457412e-01   5.1368889e-01   8.4631174e-01   5.3596298e-01   6.3115891e-01   8.5773369e-01
   6.3760951e-02   7.2286124e-02   5.3494764e-01   7.0709855e-01   4.0688825e-01   3.3904546e-01   6.2968103e-01   2.4251526e-01   6.5459751e-02   7.8677106e-02   4.8982359e-01   4.8211032e-02   9.4860639e-02   4.3550724e-02   5.4572205e-01   1.0860041e-01   6.8008579e-01   3.5817422e-01   5.5577568e-02   4.2354804e-01   6.9402864e-01
   2.9227155e-03   6.3118677e-03   1.3197356e-01   5.6464462e-02   2.3287140e-01   2.3216754e-01   2.4228923e-01   3.9060828e-02   3.8636548e-03   4.1120244e-03   4.5456499e-01   4.1783907e-03   1.6887824e-02   6.4936455e-04   2.6193192e-01   5.3766574e-02   2.6091052e-01   3.2410266e-01   6.6084032e-03   2.2970267e-01   6.9782852e-01
   6.9071519e-02   9.4792158e-02   1.5626354e-01   7.3651160e-01   5.4823492e-01   5.6299458e-01   5.2113136e-01   4.7416710e-01   7.2673380e-02   2.1555667e-02   7.3451195e-01   9.1561103e-02   2.3969319e-02   2.0687249e-02   9.1502453e-01   8.1689177e-02   9.7641945e-01   2.6108990e-01   7.0593282e-02   5.8115175e-01   6.2047084e-01
   6.6215820e-02   7.4663998e-02   3.6423605e-01   8.9706279e-01   4.1265260e-01   4.2532245e-01   6.6897833e-01   5.1159957e-01   7.3537319e-02   2.3959090e-02   7.9086733e-01   6.0767477e-02   1.5455759e-02   1.8222182e-02   9.7596036e-01   3.1789093e-02   8.1298155e-01   8.6372514e-02   5.3940596e-02   6.9865595e-01   4.0630857e-01
   1.0771637e-02   2.3081780e-02   5.0722009e-02   2.8904832e-01   5.5496906e-01   4.0326306e-01   4.3241865e-01   1.6305902e-01   1.1006013e-02   1.8140884e-03   9.2828296e-01   3.2103276e-02   9.0366616e-03   1.2667978e-03   6.2459281e-01   1.6499824e-02   6.4832934e-01   1.5246259e-01   9.3562815e-03   5.4198350e-01   4.2216856e-01
   6.9742314e-01   6.5205497e-01   8.9845390e-01   3.8999156e-01   3.5803392e-01   4.7714012e-01   4.6092040e-01   6.9793849e-01   7.2543057e-01   5.8729487e-01   7.4125598e-01   9.9131395e-01   8.5633671e-01   6.7663844e-01   7.6943122e-01   9.6820180e-01   3.5924243e-01   9.0535353e-01   8.7001121e-01   6.2892765e-01   4.9905095e-01
   6.9226082e-03   5.0941873e-03   5.2844796e-01   1.1785955e-01   5.9070182e-02   3.6237137e-02   8.6404364e-02   3.6071558e-02   5.8889678e-03   4.8380091e-03   5.2230514e-01   5.4712459e-02   1.1962764e-01   5.3926880e-03   1.5837933e-01   1.0648339e-02   9.8420054e-01   8.1997848e-02   1.3884801e-02   5.6074805e-01   4.6942471e-01
   7.4316625e-02   7.9800508e-02   7.0145453e-01   1.7689838e-03   2.0998615e-01   2.4659004e-01   8.4668083e-02   1.3118253e-02   8.1767828e-02   2.3272193e-01   1.1270707e-01   8.9872448e-02   6.3635269e-01   1.1342933e-01   4.2294807e-02   3.5382198e-01   8.1954249e-02   5.8390230e-01   1.7665214e-01   1.5099693e-01   5.8210587e-01
   4.1404882e-01   4.4740049e-01   9.3337108e-01   6.0572644e-01   9.4142104e-01   7.7197037e-01   9.8903848e-01   2.8259359e-01   4.3554278e-01   7.8260890e-01   1.6488491e-01   2.0501253e-01   6.2298515e-01   5.0090544e-01   5.6918375e-01   5.2687811e-01   8.5031412e-01   6.5353638e-01   3.6231529e-01   5.4396000e-01   8.7364489e-01
   6.6679857e-02   1.1407249e-01   2.1417371e-01   6.8203522e-01   7.1005997e-01   8.0774887e-01   9.2512399e-01   3.8630481e-01   8.3834941e-02   1.2123408e-01   4.0749467e-01   5.6796486e-03   3.0676726e-02   2.5241564e-02   8.2792495e-01   2.9250506e-01   2.7060860e-01   7.0807167e-01   8.3857697e-02   2.7681297e-01   6.9370709e-01
   2.7002333e-02   6.5565266e-02   2.1821714e-02   2.9646725e-01   8.3259760e-01   7.4930758e-01   4.8668256e-01   2.0945267e-01   2.8572523e-02   2.5656702e-02   6.1791920e-01   1.0232105e-02   1.9564687e-02   6.3357288e-03   7.0930790e-01   1.2975046e-01   2.0575816e-01   5.5118672e-01   4.1083182e-02   2.8235203e-01   7.3827963e-01
   1.3131047e-01   1.7583131e-01   2.4068912e-01   8.8768119e-01   7.7746043e-01   8.2750309e-01   6.9556367e-01   6.9638862e-01   1.5070133e-01   1.1301741e-01   8.8214576e-01   6.7519779e-02   5.0150196e-02   5.5659756e-02   9.8964442e-01   3.0426777e-01   9.4338655e-01   6.9565244e-01   1.3291706e-01   4.9674513e-01   7.1620586e-01
   6.9703594e-03   2.3249172e-02   2.3307165e-02   1.1996235e-01   7.0406699e-01   5.3433683e-01   4.6298156e-01   7.4259326e-02   7.8868675e-03   7.1500235e-03   5.3779009e-01   7.6725421e-03   1.8217221e-02   1.3247939e-03   4.3592509e-01   7.2746731e-02   1.7154603e-01   4.2934065e-01   1.1719245e-02   3.6402499e-01   5.5476217e-01
   5.7428731e-01   7.5266556e-01   5.3367692e-02   9.9123456e-01   3.9993026e-01   7.0988615e-01   5.2013482e-01   8.9538055e-01   5.5870204e-01   2.0902293e-01   1.9472905e-01   8.2164485e-01   3.9755837e-01   4.0073535e-01   6.3725337e-01   5.3456907e-01   6.6452658e-01   7.5693099e-01   5.0134373e-01   2.2206365e-01   2.0571661e-01
   3.0367657e-02   2.8445506e-02   6.8102585e-01   1.3384075e-01   2.0906693e-01   9.1318935e-02   8.8828232e-01   4.9749093e-02   2.9795291e-02   3.2977523e-02   4.9085882e-01   2.7830630e-01   3.8363393e-01   3.9842109e-02   1.0942607e-01   1.6345272e-01   8.0716752e-01   7.3070439e-01   1.7250455e-02   6.0016951e-01   5.1995246e-01
   3.2077240e-01   3.6181854e-01   3.8178989e-01   5.5315744e-01   7.4063197e-01   5.8700765e-01   5.1109830e-01   4.9564696e-01   3.1109521e-01   3.1230552e-01   7.5499926e-01   8.5402376e-01   8.9367406e-01   3.7828941e-01   4.3871603e-01   9.4705812e-01   7.5014709e-01   2.7217516e-01   3.2457042e-01   8.8898975e-01   7.3942628e-01
   3.0014874e-01   2.1265174e-01   1.9447274e-01   2.1998857e-01   1.2068057e-01   1.5691914e-01   2.3002707e-01   8.5251455e-02   3.1468352e-01   7.0063885e-01   7.7640374e-02   1.5656193e-01   7.8976350e-01   4.2056357e-01   1.3571711e-01   4.3681562e-01   5.0427865e-01   6.3015161e-01   2.7158628e-01   5.7791581e-02   4.0425625e-01
   1.5990701e-01   2.1741917e-01   3.4665315e-01   9.1935667e-01   7.4898030e-01   9.2584280e-01   5.8268096e-01   7.2966262e-01   1.9717874e-01   2.1555305e-01   6.2397979e-01   2.8688931e-02   4.7935107e-02   7.7982417e-02   9.1825831e-01   4.6928307e-01   4.7133980e-01   8.3277922e-01   1.7345940e-01   4.6283227e-01   6.4369615e-01
   1.5911981e-01   2.1609089e-01   3.4902448e-01   9.2146337e-01   7.4505872e-01   9.2156368e-01   5.8352302e-01   7.2793602e-01   1.9634699e-01   2.1448485e-01   6.2414541e-01   2.8647801e-02   4.7784768e-02   7.7609609e-02   9.1895818e-01   4.6676552e-01   4.7062943e-01   8.2830533e-01   1.7249308e-01   4.6575183e-01   6.3839788e-01
   1.0898068e-02   1.5179114e-02   2.7682035e-01   5.8204656e-03   2.2416387e-01   1.0195356e-01   2.1102122e-02   4.9858672e-03   8.0120006e-03   1.4294989e-02   3.3273226e-01   5.7011358e-02   2.2400988e-01   1.0099866e-02   9.7912876e-02   1.1616909e-02   3.3630518e-01   1.0174689e-01   1.6921979e-02   2.9589833e-01   7.3197994e-01
   3.7727708e-01   3.5556663e-01   7.0014591e-01   1.5999889e-02   3.9864335e-01   2.7488378e-01   4.4818874e-02   9.6602916e-02   3.3688703e-01   3.3235520e-01   8.2212928e-01   9.7812388e-01   8.2964439e-01   4.9089394e-01   1.4562346e-01   4.5757344e-01   6.3250561e-01   6.3462422e-01   4.7547163e-01   7.2728063e-01   7.4655175e-01
   6.8058043e-01   5.7707369e-01   4.6112383e-01   8.5299985e-01   4.0341793e-01   3.3679401e-01   9.7694512e-01   8.3178629e-01   7.0346096e-01   5.6693453e-01   7.8463207e-01   9.4511285e-01   6.9507530e-01   7.0487832e-01   8.3788707e-01   3.6162551e-01   8.1410732e-01   1.8824438e-01   5.7697885e-01   2.0223948e-01   3.8715321e-02
   1.0804211e-01   2.0863901e-01   1.7529956e-01   9.4033514e-02   8.9427089e-01   9.0735804e-01   7.9783488e-01   8.3116878e-02   1.2079798e-01   4.4822872e-01   2.7335711e-02   1.8086671e-02   4.9878540e-01   1.2755164e-01   1.9855124e-01   9.3709598e-01   4.2266394e-03   4.5262428e-01   2.4189408e-01   1.6162685e-01   7.4406359e-01
   6.0305928e-01   4.9236094e-01   1.7782065e-01   5.0991204e-01   2.6815602e-01   3.8895946e-01   4.9727082e-01   2.6140294e-01   6.2487987e-01   7.8752843e-01   4.4416501e-02   2.1884009e-01   9.0864939e-01   7.9767630e-01   2.6795268e-01   8.8881864e-01   7.0527778e-01   9.2671282e-01   6.0773793e-01   5.6568816e-02   2.9536974e-01
   1.0614949e-01   2.0551169e-01   1.7617568e-01   9.2272641e-02   8.8840299e-01   9.0124085e-01   7.9616824e-01   8.1565646e-02   1.1886495e-01   4.4462506e-01   2.6892536e-02   1.7656315e-02   4.9649866e-01   1.2568068e-01   1.9682493e-01   9.3236827e-01   4.0667048e-03   4.5663126e-01   2.3892036e-01   1.6267967e-01   7.5096937e-01
   6.0305968e-01   4.9236140e-01   1.7782096e-01   5.0991231e-01   2.6815652e-01   3.8896006e-01   4.9727093e-01   2.6140315e-01   6.2488024e-01   7.8752798e-01   4.4416506e-02   2.1884023e-01   9.0864904e-01   7.9767670e-01   2.6795271e-01   8.8881929e-01   7.0527757e-01   9.2671199e-01   6.0773842e-01   5.6568705e-02   2.9536901e-01
   1.2305343e-01   2.3290987e-01   1.6889473e-01   1.0730276e-01   9.3853926e-01   9.5255678e-01   8.0905211e-01   9.5040473e-02   1.3603341e-01   4.7604098e-01   3.0766505e-02   2.1768632e-02   5.1816179e-01   1.4263903e-01   2.1033971e-01   9.7228918e-01   5.6853688e-03   4.2464668e-01   2.6561348e-01   1.5483213e-01   6.9127559e-01
   6.0305966e-01   4.9236166e-01   1.7782172e-01   5.0991289e-01   2.6815719e-01   3.8896087e-01   4.9727090e-01   2.6140341e-01   6.2488015e-01   7.8752808e-01   4.4416509e-02   2.1883984e-01   9.0864993e-01   7.9767633e-01   2.6795331e-01   8.8881956e-01   7.0527783e-01   9.2671066e-01   6.0773818e-01   5.6568352e-02   2.9536847e-01
