   9.2417290e-01   8.9993837e-01  -3.9943166e-01   6.9427856e-01   4.9889291e-01   5.6414796e-01   5.1221954e-01   7.7431639e-01   9.2399591e-01   8.9057915e-01   3.5108200e-01   8.7203821e-01   7.3065576e-01   9.7037312e-01  -4.1846371e-01   8.0055996e-01   2.5695586e-01   4.7996671e-01   9.3746699e-01  -4.6262646e-01  -2.0929977e-01
  -6.4265487e-01  -6.0122524e-01   2.8902619e-01  -3.9574747e-01  -2.0708014e-01  -2.7510757e-01  -2.6717153e-01  -5.3012914e-01  -6.3222781e-01  -6.0540716e-01  -2.4729112e-01  -7.1113751e-01  -5.9255861e-01  -7.1207473e-01   2.6440468e-01  -6.7796101e-01  -1.6217278e-01  -5.5593277e-01  -6.6184384e-01   2.9156356e-01   1.5275769e-01
  -3.9600786e-01  -3.6250055e-01   2.9170349e-01   8.2289939e-02  -1.5585875e-02  -6.7646878e-02   2.6443844e-02  -8.6817125e-02  -3.8175978e-01  -5.2370280e-01   1.9341250e-01  -3.7544410e-01  -5.9021409e-01  -4.9434899e-01  -1.2283075e-01  -5.7456466e-01   9.4376810e-02  -5.8585378e-01  -4.5341787e-01  -1.2505291e-01   3.7361988e-01
  -7.8440923e-01  -7.4429292e-01   4.0150970e-01  -4.4006278e-01  -2.8621149e-01  -3.2635414e-01  -2.1692222e-01  -5.6869575e-01  -7.6943403e-01  -7.6429089e-01  -2.4501236e-01  -7.8114151e-01  -6.9822040e-01  -8.4792299e-01   3.0325391e-01  -7.0065572e-01  -1.6450980e-01  -4.6922913e-01  -8.0412155e-01   3.9333137e-01   1.3256189e-01
   5.2448232e-01   5.0626950e-01  -2.3773195e-01   1.4144966e-01   1.9508074e-01   2.4474435e-01   1.6475402e-01   2.8779677e-01   5.1557296e-01   6.1282078e-01  -5.5450268e-02   5.2136398e-01   6.1616070e-01   6.3167009e-01  -6.1484739e-02   7.2528409e-01  -2.9032245e-02   6.9817372e-01   5.7244330e-01  -5.4085779e-02  -3.0182885e-01
   4.7138187e-01   4.5845245e-01  -2.2317094e-01   3.6609804e-02   1.8682905e-01   2.0274754e-01   9.6580645e-02   1.8524374e-01   4.5829933e-01   5.7194034e-01  -1.0685796e-01   4.9047704e-01   6.2278074e-01   5.9042504e-01   9.1491815e-03   6.4640758e-01  -7.5101732e-02   6.2130559e-01   5.1470211e-01  -4.7453607e-02  -2.8121899e-01
  -4.7234043e-01  -4.4135623e-01   1.4745426e-01  -1.9299835e-01  -2.0377191e-01  -1.7227319e-01  -5.3868043e-02  -3.4810883e-01  -4.5654704e-01  -3.6498974e-01  -3.4281752e-01  -6.4496312e-01  -4.2541664e-01  -5.2729967e-01   2.1088849e-01  -3.7146180e-01  -1.8922876e-01  -1.9797812e-01  -4.7431500e-01   4.4305050e-01  -2.1967511e-02
  -5.4807930e-01  -4.9511768e-01   3.2901237e-01  -5.7600949e-01  -1.5827791e-01  -1.9109218e-01  -3.4184915e-01  -6.1032091e-01  -5.4482456e-01  -3.9346121e-01  -4.8737759e-01  -6.5437999e-01  -3.2442307e-01  -5.5938022e-01   4.6474250e-01  -3.3472226e-01  -3.0147573e-01  -1.0318201e-01  -4.9375154e-01   5.7994971e-01  -2.6678940e-01
  -5.4994272e-01  -5.2139379e-01   2.9725441e-01  -1.4806568e-01  -1.4514534e-01  -2.1410474e-01  -1.5098302e-01  -3.0719706e-01  -5.3936668e-01  -6.2959024e-01   3.3834642e-02  -5.3506711e-01  -6.3362390e-01  -6.4074374e-01   6.1570384e-02  -7.0689765e-01   3.5030198e-02  -6.6805628e-01  -5.9333457e-01   3.3022974e-02   3.1079756e-01
  -4.1323080e-01  -3.9428080e-01   1.2306504e-01  -6.2358154e-01  -2.2812830e-01  -2.5806020e-01  -1.2395638e-01  -6.2221879e-01  -4.2024605e-01  -1.8552690e-01  -6.3799218e-01  -4.1359640e-01   9.2639601e-02  -3.4455150e-01   7.1979793e-01  -1.4063534e-01  -3.1028406e-01   9.9938931e-02  -3.3672869e-01   5.4038021e-01  -4.2373689e-01
  -2.3878531e-01  -1.6443226e-01   5.6948033e-01   3.1031600e-01   1.8288913e-01   1.8774613e-01   7.6218573e-02   2.1288109e-01  -2.3280583e-01  -4.3777984e-01   3.8319058e-01  -2.8307785e-01  -6.4073601e-01  -3.9224652e-01  -4.4828156e-01  -3.0025015e-01  -4.8169295e-02  -2.0635678e-01  -2.7752071e-01  -8.5772455e-02   3.2652937e-01
   4.1476405e-01   3.5468503e-01  -2.6975223e-01   7.1877888e-02   6.1570883e-02   1.1372936e-02  -1.1926793e-01   2.0846592e-01   3.8805781e-01   3.0361385e-01   3.0353274e-01   6.5948761e-01   4.7683412e-01   4.9168116e-01  -6.4634322e-02   2.1991848e-01   3.3056327e-01   4.7952791e-02   3.9713549e-01  -3.5239914e-01  -4.4608185e-02
  -5.4255120e-01  -4.9448956e-01   2.7905591e-01  -2.1728170e-01  -1.3757447e-01  -1.4806645e-01  -6.6382809e-02  -3.6779319e-01  -5.2591097e-01  -4.8356553e-01  -2.5271951e-01  -6.8796709e-01  -5.5026690e-01  -6.2279574e-01   1.6667362e-01  -5.1429416e-01  -2.0588992e-01  -3.7031301e-01  -5.5720247e-01   3.4655823e-01   8.5322147e-02
   2.8401728e-01   2.4640670e-01  -1.6062633e-01  -4.6389357e-02   6.6610772e-02  -2.8540166e-02  -1.7988479e-01   8.6731533e-02   2.5716930e-01   1.8601156e-01   2.3883529e-01   4.9587786e-01   3.4910234e-01   3.4290496e-01  -4.3222848e-02   5.9983454e-02   1.6403094e-01  -1.0744733e-01   2.6478482e-01  -3.8381803e-01   9.7770269e-02
   3.8430181e-01   3.3273898e-01  -1.8421242e-01   1.7326392e-01   8.8065730e-02   4.2538736e-02  -2.7770769e-02   3.0319378e-01   3.6652839e-01   2.2274129e-01   4.2728909e-01   6.3516054e-01   3.4296639e-01   4.3193804e-01  -1.9571947e-01   1.8732476e-01   2.9240488e-01  -1.6972046e-02   3.7194562e-01  -5.2886161e-01   1.4770232e-01
  -2.9944125e-01  -2.9627191e-01  -5.7600749e-02  -2.3353803e-01  -2.4996703e-01  -1.6410006e-01   4.8121972e-03  -3.4784285e-01  -2.8865703e-01  -8.1886246e-02  -5.4871006e-01  -4.4339427e-01  -4.3184554e-02  -2.5791363e-01   3.9351316e-01   1.0721751e-02  -1.4425655e-01   2.6106532e-01  -2.6666734e-01   6.4063847e-01  -3.6367877e-01
  -5.4831988e-02  -6.6528944e-02  -1.4945681e-01  -2.5023497e-02  -1.8319335e-01  -6.0954892e-02   2.1187941e-01  -1.1961741e-01  -4.6999526e-02   2.1556341e-01  -6.0113730e-01  -1.7636286e-01   2.7455590e-01   6.7141545e-02   3.1190684e-01   4.5655716e-01  -1.6828746e-01   7.1618953e-01   4.0768941e-02   4.6272567e-01  -3.7300139e-01
  -5.1451740e-02  -7.2372877e-02  -1.7672781e-01  -4.2940642e-02  -2.1528892e-01  -1.0072818e-01   2.0479586e-01  -1.3385242e-01  -4.6653900e-02   2.2641706e-01  -6.2511617e-01  -1.3844799e-01   3.2828061e-01   9.1677878e-02   3.4474290e-01   4.8198031e-01  -1.5131416e-01   7.5003694e-01   5.2087034e-02   4.3366705e-01  -3.6153155e-01
  -3.9583020e-01  -4.3268373e-01  -2.4972217e-01  -4.0309042e-01  -4.2800721e-01  -4.0564411e-01  -3.2277272e-01  -5.3463953e-01  -3.8782699e-01  -2.3043824e-01  -4.7118509e-01  -4.8074823e-01  -1.7475564e-01  -3.6189764e-01   4.5070636e-01  -3.0520803e-01   1.3124970e-01  -1.5451833e-01  -4.2575063e-01   5.7850625e-01  -2.3252024e-01
  -3.9678881e-01  -3.5155780e-01   2.7232219e-01   2.9926192e-02  -9.3778097e-02  -2.7079603e-02   1.6097692e-01  -1.0148948e-01  -3.6652794e-01  -3.5287091e-01  -1.4383962e-01  -5.8283785e-01  -5.3631809e-01  -4.8595002e-01  -3.0152711e-02  -2.1055669e-01  -2.0979237e-01  -6.1779775e-02  -3.8524071e-01   2.1422854e-01   1.3503532e-01
  -3.9844733e-01  -3.5371859e-01   2.6975244e-01   2.8642482e-02  -9.7103772e-02  -3.0610903e-02   1.6014764e-01  -1.0271231e-01  -3.6808383e-01  -3.5498718e-01  -1.4316223e-01  -5.8329132e-01  -5.3767909e-01  -4.8745757e-01  -3.0396104e-02  -2.1346913e-01  -2.1080828e-01  -6.5656434e-02  -3.8735099e-01   2.1086235e-01   1.4086784e-01
   6.5221683e-01   6.1871680e-01  -2.8102061e-01   4.9001735e-01   2.5427935e-01   3.1714817e-01   2.8725238e-01   6.0047777e-01   6.5556500e-01   5.7353133e-01   3.7835282e-01   6.7172790e-01   4.3318910e-01   6.7854283e-01  -3.9173820e-01   6.5332275e-01   2.4069872e-01   4.4998545e-01   6.6268965e-01  -4.5794860e-01  -1.3815049e-02
   6.4258935e-01   6.4605752e-01  -2.3680986e-01   7.2123679e-01   3.1144065e-01   4.5018883e-01   5.0354970e-01   7.2099062e-01   6.5875579e-01   6.6071067e-01   1.9351118e-01   3.5107796e-01   2.8287726e-01   5.9464439e-01  -5.2796080e-01   6.9436214e-01  -3.4125999e-02   5.1706660e-01   6.8205155e-01  -3.2520745e-01   2.5768547e-02
   2.0078785e-01   2.3765909e-01   1.7877753e-01   9.1135672e-02   2.9594773e-01   3.1912062e-01   4.7539874e-02   1.0988920e-01   1.8948930e-01   2.5049240e-01  -6.8934043e-02   1.0880688e-01   2.0878988e-01   2.0360389e-01   5.5700053e-02   3.1204899e-01   1.1094000e-01   3.8205664e-01   2.4832866e-01   3.1501703e-01  -5.9001986e-01
   3.0806489e-01   2.1986528e-01  -3.3850469e-01   2.9716275e-01  -7.0175811e-02  -9.7685361e-02  -4.2730602e-02   3.4150656e-01   2.9514652e-01   6.6579937e-02   5.8111702e-01   5.4978493e-01   1.1773528e-01   2.9214149e-01  -2.9942024e-01  -9.1965967e-02   5.7283139e-01  -3.2463945e-01   2.1032165e-01  -4.8763986e-01   2.7323021e-01
  -4.1354073e-01  -4.2313999e-01  -1.0293417e-01  -3.6325987e-01  -3.6021125e-01  -3.0420212e-01  -2.0159851e-01  -4.9298747e-01  -4.0426779e-01  -2.0869576e-01  -5.5863169e-01  -5.5549737e-01  -1.6959959e-01  -3.8574852e-01   4.4568204e-01  -1.9513478e-01  -5.9757343e-02   3.5828543e-02  -4.0481481e-01   6.7875438e-01  -3.0761709e-01
   3.1254568e-01   2.2429119e-01  -3.3820053e-01   3.0039358e-01  -6.6675788e-02  -9.4192304e-02  -4.2235677e-02   3.4516750e-01   2.9938763e-01   7.0075692e-02   5.8407070e-01   5.5464949e-01   1.2098342e-01   2.9651636e-01  -3.0085835e-01  -8.8790330e-02   5.7785630e-01  -3.2205230e-01   2.1470491e-01  -4.8704653e-01   2.6789209e-01
  -4.1354073e-01  -4.2313999e-01  -1.0293417e-01  -3.6325987e-01  -3.6021125e-01  -3.0420212e-01  -2.0159851e-01  -4.9298747e-01  -4.0426779e-01  -2.0869576e-01  -5.5863169e-01  -5.5549737e-01  -1.6959959e-01  -3.8574852e-01   4.4568204e-01  -1.9513478e-01  -5.9757343e-02   3.5828543e-02  -4.0481481e-01   6.7875438e-01  -3.0761709e-01
   2.8383077e-01   1.9598756e-01  -3.4033945e-01   2.7900832e-01  -8.9025539e-02  -1.1623042e-01  -4.4978378e-02   3.2112378e-01   2.7225022e-01   4.8437258e-02   5.6357068e-01   5.2290400e-01   1.0094445e-01   2.6868322e-01  -2.9051952e-01  -1.0828783e-01   5.4475226e-01  -3.3748794e-01   1.8683973e-01  -4.8927336e-01   3.0040095e-01
  -4.1354194e-01  -4.2314142e-01  -1.0293539e-01  -3.6326077e-01  -3.6021308e-01  -3.0420389e-01  -2.0159890e-01  -4.9298852e-01  -4.0426893e-01  -2.0869687e-01  -5.5863214e-01  -5.5549834e-01  -1.6960042e-01  -3.8574965e-01   4.4568249e-01  -1.9513618e-01  -5.9757870e-02   3.5827022e-02  -4.0481619e-01   6.7875393e-01  -3.0761514e-01
