   1.0000000e+00   6.8184874e-01   4.8246422e-01   7.4396980e-01   4.5082398e-01   4.8017544e-01   7.7129397e-01   7.2473291e-01   7.7963301e-01   8.3000807e-01  -7.9977702e-03  -6.4633313e-01  -7.7188811e-01  -4.2626155e-01  -8.6756427e-01   3.2739080e-01  -2.5636407e-01   6.1518402e-02   7.1402603e-01  -8.1373629e-01   1.8615422e-02
   6.8184874e-01   1.0000000e+00   9.6086310e-01   9.3994968e-01   9.1871390e-01   9.3063436e-01   7.1374166e-01   9.8592660e-01   3.8884511e-01   7.0197591e-01  -3.5379511e-01  -8.2557223e-01  -8.6066464e-01  -7.1211574e-01  -9.0071803e-01   3.3925518e-01  -6.9425881e-01   3.1205208e-01   2.1095704e-01  -6.9094445e-01  -5.6216217e-02
   4.8246422e-01   9.6086310e-01   1.0000000e+00   8.5737736e-01   9.3184664e-01   9.2334198e-01   5.5361678e-01   9.2724514e-01   1.6792486e-01   5.4600933e-01  -4.4776628e-01  -7.9702330e-01  -7.9267081e-01  -7.4894542e-01  -7.7816258e-01   3.4261960e-01  -7.6620986e-01   4.1259249e-01   7.0387312e-03  -5.8870302e-01  -7.9197109e-02
   7.4396980e-01   9.3994968e-01   8.5737736e-01   1.0000000e+00   7.9714319e-01   8.2611551e-01   7.8524539e-01   9.7211250e-01   5.0683196e-01   7.6453794e-01  -2.8196157e-01  -7.0575791e-01  -7.4423811e-01  -5.3240095e-01  -8.3030326e-01   5.0400352e-01  -5.8636958e-01   4.0740141e-01   4.0932745e-01  -6.5730500e-01  -1.5893238e-01
   4.5082398e-01   9.1871390e-01   9.3184664e-01   7.9714319e-01   1.0000000e+00   9.9323041e-01   6.5620981e-01   8.5971871e-01   2.1133494e-01   4.0001843e-01  -2.0768123e-01  -6.7438311e-01  -7.2933047e-01  -6.6253824e-01  -7.7752217e-01   5.9706003e-02  -5.5884890e-01   9.2930809e-02  -6.4763344e-03  -4.8973755e-01  -3.5821541e-02
   4.8017544e-01   9.3063436e-01   9.2334198e-01   8.2611551e-01   9.9323041e-01   1.0000000e+00   6.8709408e-01   8.7923630e-01   2.4945725e-01   4.5227508e-01  -2.2302785e-01  -6.8731426e-01  -7.3938916e-01  -6.5444428e-01  -7.9894520e-01   6.5652661e-02  -5.7234203e-01   8.5650042e-02   1.6050564e-02  -4.9397681e-01  -2.8579062e-02
   7.7129397e-01   7.1374166e-01   5.5361678e-01   7.8524539e-01   6.5620981e-01   6.8709408e-01   1.0000000e+00   7.1247150e-01   5.1290306e-01   5.5266509e-01  -9.2830897e-03  -5.3336606e-01  -6.3548928e-01  -4.1447806e-01  -7.2975073e-01   6.6702271e-03  -1.5188545e-01  -1.3569587e-01   4.0925467e-01  -6.3030731e-01  -1.6362987e-01
   7.2473291e-01   9.8592660e-01   9.2724514e-01   9.7211250e-01   8.5971871e-01   8.7923630e-01   7.1247150e-01   1.0000000e+00   4.6388647e-01   7.6438758e-01  -3.3642539e-01  -7.9254943e-01  -8.2810849e-01  -6.4156615e-01  -8.9028166e-01   4.5710996e-01  -6.6986642e-01   3.8674259e-01   3.2493115e-01  -6.8506003e-01  -6.1937789e-02
   7.7963301e-01   3.8884511e-01   1.6792486e-01   5.0683196e-01   2.1133494e-01   2.4945725e-01   5.1290306e-01   4.6388647e-01   1.0000000e+00   6.9085882e-01   4.3820334e-01  -1.3612224e-01  -3.1746049e-01   1.5104211e-01  -6.1504024e-01   3.2941673e-01   7.9952620e-02  -7.3587869e-02   9.1417466e-01  -4.9555371e-01   9.5853774e-03
   8.3000807e-01   7.0197591e-01   5.4600933e-01   7.6453794e-01   4.0001843e-01   4.5227508e-01   5.5266509e-01   7.6438758e-01   6.9085882e-01   1.0000000e+00  -3.4619948e-01  -6.8226762e-01  -6.9564042e-01  -3.9263198e-01  -7.9639460e-01   5.6584959e-01  -5.8364493e-01   3.8440628e-01   5.7945072e-01  -6.8785741e-01  -1.9398420e-01
  -7.9977702e-03  -3.5379511e-01  -4.4776628e-01  -2.8196157e-01  -2.0768123e-01  -2.2302785e-01  -9.2830897e-03  -3.3642539e-01   4.3820334e-01  -3.4619948e-01   1.0000000e+00   6.5541112e-01   4.3328422e-01   6.6411247e-01   1.7613015e-01  -2.8459183e-01   8.2017201e-01  -5.7887230e-01   4.6093663e-01   2.0182338e-01   2.7793936e-01
  -6.4633313e-01  -8.2557223e-01  -7.9702330e-01  -7.0575791e-01  -6.7438311e-01  -6.8731426e-01  -5.3336606e-01  -7.9254943e-01  -1.3612224e-01  -6.8226762e-01   6.5541112e-01   1.0000000e+00   9.6463822e-01   9.4026763e-01   8.2408200e-01  -2.2231591e-01   7.9744491e-01  -2.9419302e-01   1.1322763e-02   7.2760278e-01  -1.0983591e-02
  -7.7188811e-01  -8.6066464e-01  -7.9267081e-01  -7.4423811e-01  -7.2933047e-01  -7.3938916e-01  -6.3548928e-01  -8.2810849e-01  -3.1746049e-01  -6.9564042e-01   4.3328422e-01   9.6463822e-01   1.0000000e+00   8.8927359e-01   9.2199859e-01  -1.6805565e-01   6.6334586e-01  -1.4983296e-01  -1.5179272e-01   7.9855662e-01  -1.0810166e-01
  -4.2626155e-01  -7.1211574e-01  -7.4894542e-01  -5.3240095e-01  -6.6253824e-01  -6.5444428e-01  -4.1447806e-01  -6.4156615e-01   1.5104211e-01  -3.9263198e-01   6.6411247e-01   9.4026763e-01   8.8927359e-01   1.0000000e+00   6.6547350e-01  -1.6310331e-02   7.3131238e-01  -1.9148997e-01   2.8443006e-01   5.9525482e-01  -1.0329477e-01
  -8.6756427e-01  -9.0071803e-01  -7.7816258e-01  -8.3030326e-01  -7.7752217e-01  -7.9894520e-01  -7.2975073e-01  -8.9028166e-01  -6.1504024e-01  -7.9639460e-01   1.7613015e-01   8.2408200e-01   9.2199859e-01   6.6547350e-01   1.0000000e+00  -2.1410037e-01   5.4252975e-01  -6.7967851e-02  -4.1019882e-01   7.6726828e-01  -4.8665929e-02
   3.2739080e-01   3.3925518e-01   3.4261960e-01   5.0400352e-01   5.9706003e-02   6.5652661e-02   6.6702271e-03   4.5710996e-01   3.2941673e-01   5.6584959e-01  -2.8459183e-01  -2.2231591e-01  -1.6805565e-01  -1.6310331e-02  -2.1410037e-01   1.0000000e+00  -4.4113176e-01   9.0016698e-01   4.9358823e-01  -2.7003464e-01  -2.3589487e-01
  -2.5636407e-01  -6.9425881e-01  -7.6620986e-01  -5.8636958e-01  -5.5884890e-01  -5.7234203e-01  -1.5188545e-01  -6.6986642e-01   7.9952620e-02  -5.8364493e-01   8.2017201e-01   7.9744491e-01   6.6334586e-01   7.3131238e-01   5.4252975e-01  -4.4113176e-01   1.0000000e+00  -6.3538173e-01   2.2521639e-01   3.8550410e-01   2.0718453e-01
   6.1518402e-02   3.1205208e-01   4.1259249e-01   4.0740141e-01   9.2930809e-02   8.5650042e-02  -1.3569587e-01   3.8674259e-01  -7.3587869e-02   3.8440628e-01  -5.7887230e-01  -2.9419302e-01  -1.4983296e-01  -1.9148997e-01  -6.7967851e-02   9.0016698e-01  -6.3538173e-01   1.0000000e+00   7.9351167e-02  -1.5117011e-01  -3.0066215e-01
   7.1402603e-01   2.1095704e-01   7.0387312e-03   4.0932745e-01  -6.4763344e-03   1.6050564e-02   4.0925467e-01   3.2493115e-01   9.1417466e-01   5.7945072e-01   4.6093663e-01   1.1322763e-02  -1.5179272e-01   2.8443006e-01  -4.1019882e-01   4.9358823e-01   2.2521639e-01   7.9351167e-02   1.0000000e+00  -3.8352122e-01  -5.2402021e-02
  -8.1373629e-01  -6.9094445e-01  -5.8870302e-01  -6.5730500e-01  -4.8973755e-01  -4.9397681e-01  -6.3030731e-01  -6.8506003e-01  -4.9555371e-01  -6.8785741e-01   2.0182338e-01   7.2760278e-01   7.9855662e-01   5.9525482e-01   7.6726828e-01  -2.7003464e-01   3.8550410e-01  -1.5117011e-01  -3.8352122e-01   1.0000000e+00  -1.2462481e-01
   1.8615422e-02  -5.6216217e-02  -7.9197109e-02  -1.5893238e-01  -3.5821541e-02  -2.8579062e-02  -1.6362987e-01  -6.1937789e-02   9.5853774e-03  -1.9398420e-01   2.7793936e-01  -1.0983591e-02  -1.0810166e-01  -1.0329477e-01  -4.8665929e-02  -2.3589487e-01   2.0718453e-01  -3.0066215e-01  -5.2402021e-02  -1.2462481e-01   1.0000000e+00
