   7.5990672e-01   7.2799241e-01  -3.9749384e-01   6.7704825e-01   4.2374847e-01   4.2948664e-01   4.3696125e-01   6.5836463e-01   7.5326024e-01   7.1845482e-01   2.9649270e-01   7.1076457e-01   5.5921199e-01   8.0080311e-01  -4.2568853e-01   5.3520359e-01   3.8900611e-01   2.6037242e-01   7.1519667e-01  -4.1110587e-01  -6.4313149e-02
  -2.5653705e-01  -2.3778575e-01   2.4170296e-01  -2.5723700e-01  -1.9300711e-01  -1.3837774e-01  -2.7896415e-01  -1.8810940e-01  -2.5483517e-01  -3.0486264e-01   4.2603617e-02  -1.7040900e-01  -2.0027535e-01  -2.9575507e-01   1.4951091e-01  -7.2831761e-02  -1.9071731e-01   5.7082516e-02  -1.8090847e-01   1.4079563e-01  -5.2798861e-02
  -5.0782060e-01  -4.9445079e-01   1.8135163e-01  -1.1041101e-01  -2.4082418e-01  -2.7625147e-01  -1.4139932e-01  -3.3443722e-01  -5.0505884e-01  -4.8514621e-01  -2.0144295e-01  -5.3595806e-01  -4.6375572e-01  -5.4566688e-01   1.7666753e-01  -4.4751134e-01   1.2108640e-01  -2.6590165e-01  -5.2191932e-01   2.3261301e-01   1.1555953e-01
  -7.3190091e-01  -6.9001886e-01   4.2284953e-01  -5.2032187e-01  -3.4096387e-01  -3.4144667e-01  -3.3458835e-01  -5.5576913e-01  -7.1751600e-01  -7.1418599e-01  -2.1774929e-01  -7.1332298e-01  -6.2484349e-01  -7.9659106e-01   3.2176060e-01  -5.2523933e-01  -3.2241302e-01  -2.8456470e-01  -6.8729205e-01   3.4314455e-01   1.1405953e-01
   4.9935303e-01   4.6384064e-01  -4.0016440e-01   9.8929724e-02   1.7558085e-01   1.6924046e-01   1.8741917e-01   2.0861201e-01   4.9387075e-01   6.0620862e-01  -9.9705945e-02   4.6789695e-01   5.9775006e-01   6.0942673e-01  -3.1442395e-02   4.8094540e-01   8.7119551e-03   3.2229833e-01   4.9701258e-01  -1.6153520e-01  -1.4517351e-01
   5.0384615e-01   4.9092328e-01  -2.6268541e-01   3.8118013e-02   2.3796387e-01   2.3174825e-01   1.2551628e-01   1.9164707e-01   4.9258459e-01   5.9778452e-01  -7.8041786e-02   5.1281821e-01   6.3134252e-01   6.1915466e-01  -8.8816122e-03   5.7412111e-01  -6.9645953e-02   4.7462497e-01   5.2491683e-01  -1.1373325e-01  -2.4111298e-01
  -6.5646128e-01  -6.0078256e-01   5.3100808e-01  -3.0496536e-01  -1.7267916e-01  -2.4263377e-01  -2.2830805e-01  -3.9424101e-01  -6.5502238e-01  -7.5460585e-01   2.6523949e-02  -5.7326706e-01  -6.6793922e-01  -7.7028225e-01   1.4348182e-01  -6.2656157e-01  -1.3381932e-01  -4.0355171e-01  -6.6570409e-01   1.7828825e-01   2.3328657e-01
  -1.1421943e-01  -1.3231445e-01  -3.7600428e-02  -2.4933207e-01  -2.6597644e-01  -2.0724215e-01  -2.1476626e-01  -1.1401616e-01  -1.0323888e-01  -1.5895066e-01   9.7090447e-02   3.2087564e-03  -5.3322242e-02  -1.2245865e-01   8.6233296e-02  -1.1749223e-02  -2.6533274e-01  -3.5034764e-02  -4.8205119e-02  -1.4170727e-01   1.9726803e-01
  -6.8450467e-01  -7.0238943e-01   1.8419727e-01  -4.3734692e-01  -5.1573082e-01  -5.6256843e-01  -4.7458282e-01  -5.6297911e-01  -6.9408567e-01  -7.0528161e-01  -1.8690094e-01  -5.2349537e-01  -4.3546849e-01  -6.9915945e-01   3.9830231e-01  -6.5722794e-01  -5.8367855e-03  -4.8052111e-01  -6.3902292e-01   1.7020094e-01   2.1080565e-01
  -4.9143359e-01  -4.8356641e-01   1.1263059e-01  -7.5574306e-01  -3.5715182e-01  -3.3172724e-01  -4.7689670e-01  -6.4301405e-01  -4.8083718e-01  -3.4106633e-01  -4.4293285e-01  -4.7005671e-01  -1.3867819e-01  -4.4213947e-01   5.4841259e-01  -2.6822920e-01  -4.8058097e-01  -1.6037662e-01  -3.8285945e-01   4.0487276e-01  -1.6113306e-01
   2.3727417e-01   2.2113666e-01   2.4638189e-02   1.5126011e-01  -2.1656475e-02   8.5260055e-02   4.0493865e-03   3.0887579e-01   2.2680250e-01   8.1191088e-02   3.9267712e-01   3.6081418e-01   1.4414112e-01   1.9643330e-01  -1.6660261e-01   1.8488688e-01  -5.5580321e-02   1.3171692e-01   2.6370133e-01  -1.7743080e-01  -4.6847543e-02
   5.0310676e-01   4.4143587e-01  -3.5411033e-01   1.2031144e-01   1.0924859e-01   7.1627904e-02  -2.7695197e-02   2.5121404e-01   4.7801883e-01   4.3377808e-01   2.4052229e-01   6.9618337e-01   5.7719621e-01   5.9354686e-01  -6.4000745e-02   3.0289219e-01   3.1627869e-01   1.1002887e-01   4.7798808e-01  -3.1242268e-01  -1.1568658e-01
  -5.8798412e-01  -5.0488900e-01   6.0524232e-01  -3.0053336e-01  -6.2239825e-02  -9.3976582e-02  -2.0287246e-01  -3.5754201e-01  -5.8324788e-01  -5.9220977e-01  -1.4622286e-01  -6.5986757e-01  -6.1374139e-01  -6.8979580e-01   1.0954366e-01  -4.2506111e-01  -3.6026159e-01  -1.7430708e-01  -5.5111871e-01   3.0902314e-01   9.8243910e-02
   4.2350655e-01   3.8353026e-01  -3.3566073e-01  -4.1611342e-02   8.3158516e-02   6.4159823e-02  -1.1495326e-01   1.1462762e-01   4.0514022e-01   4.4259153e-01   4.3674875e-02   5.0177772e-01   5.3211938e-01   5.2177051e-01  -3.8255323e-03   2.9594233e-01   2.0928753e-02   1.1491821e-01   4.2191849e-01  -1.9830792e-01  -1.0684096e-01
   6.8408971e-01   6.0020400e-01  -6.0000429e-01   4.3511501e-01   1.1160252e-01   1.8161840e-01   2.1380312e-01   4.9151792e-01   6.7652283e-01   6.8254794e-01   1.8011194e-01   6.7822867e-01   6.1917521e-01   7.6839017e-01  -2.2661863e-01   4.9376113e-01   3.8706572e-01   2.2979672e-01   6.5078381e-01  -2.6279690e-01  -1.7276808e-01
  -1.6443639e-01  -9.2680652e-02   5.2598142e-01   3.2380843e-03   2.4430490e-01   1.0931678e-01   1.8785955e-01   3.8744056e-02  -1.7107710e-01  -3.5785679e-01   3.6856858e-01   6.6370593e-02  -2.4549863e-01  -2.4390055e-01  -1.3831164e-01  -1.8151695e-01  -1.2729872e-01  -9.1036768e-02  -1.9623622e-01  -3.4847924e-01   3.6029235e-01
  -5.7806532e-01  -5.8362368e-01   1.2071260e-01  -4.2101130e-01  -3.5782455e-01  -4.6820496e-01  -4.1387357e-02  -5.3290442e-01  -5.7969236e-01  -5.7092280e-01  -2.0097275e-01  -3.1150224e-01  -2.5258338e-01  -5.5395205e-01   4.4658140e-01  -3.9390285e-01   7.1848274e-02  -1.0118565e-01  -6.2326464e-01   1.5356888e-01   1.8794018e-01
  -2.8644671e-01  -2.6396455e-01   2.5353177e-01  -1.7345829e-01  -9.7332170e-02  -1.5907125e-01   1.9187039e-01  -1.9880396e-01  -2.9197940e-01  -2.9128212e-01  -9.1780942e-02  -5.4189119e-02  -3.9379282e-02  -2.5533881e-01   2.2527881e-01   1.9569657e-02  -9.3652445e-02   3.1530016e-01  -2.8430124e-01   4.1123792e-02   9.7799380e-02
   2.9835800e-01   3.5521140e-01   3.6876513e-01   3.4994798e-01   4.3435879e-01   3.9958564e-01   3.4292046e-01   4.7611558e-01   2.8991658e-01   1.1295183e-01   4.8661831e-01   3.9990079e-01   7.8462267e-02   2.3407165e-01  -4.1918128e-01   2.2619066e-01  -1.9491859e-01   1.4120704e-01   3.1566760e-01  -5.1796496e-01   2.4213716e-01
  -3.9696796e-01  -3.5177861e-01   2.7209758e-01   2.9834534e-02  -9.4102975e-02  -2.7428652e-02   1.6089080e-01  -1.0159089e-01  -3.6669822e-01  -3.5311665e-01  -1.4373314e-01  -5.8290456e-01  -5.3651336e-01  -4.8613110e-01  -3.0242113e-02  -2.1087133e-01  -2.0991853e-01  -6.2171421e-02  -3.8548015e-01   2.1387281e-01   1.3569511e-01
  -3.9765449e-01  -3.5273027e-01   2.7081314e-01   2.9052917e-02  -9.5618614e-02  -2.9015705e-02   1.6053625e-01  -1.0226290e-01  -3.6733160e-01  -3.5388583e-01  -1.4366523e-01  -5.8302574e-01  -5.3681689e-01  -4.8666221e-01  -2.9982398e-02  -2.1204033e-01  -2.1024739e-01  -6.3857323e-02  -3.8627949e-01   2.1251189e-01   1.3784613e-01
   6.5568213e-01   6.3265041e-01  -3.1241812e-01   6.9476568e-01   3.4700136e-01   4.5518073e-01   6.0787687e-01   7.0359814e-01   6.7554343e-01   6.3695601e-01   2.7973814e-01   5.1934581e-01   3.4710943e-01   6.6072348e-01  -4.6001308e-01   6.5137957e-01   2.7776038e-01   4.5542466e-01   6.2469369e-01  -3.0087093e-01  -1.0068969e-01
   2.5586306e-01   2.6729429e-01  -1.1314602e-01   6.2882121e-01   2.4495212e-01   3.1361613e-01   5.4295262e-01   4.6160928e-01   2.7743942e-01   2.7994755e-01   6.6187659e-02  -8.0821034e-03  -6.3352532e-02   2.0095681e-01  -4.0978995e-01   2.1633470e-01   1.4024598e-01   1.3938216e-01   2.0801043e-01  -1.0251811e-01   9.5041319e-02
   1.2088970e-01   1.6325706e-01   2.1467111e-01   5.4573005e-02   2.4255630e-01   2.7749071e-01   8.5176968e-03   6.2545431e-02   1.1184090e-01   1.6755985e-01  -8.0418826e-02   2.0289687e-02   1.1514610e-01   1.1128348e-01   6.0248785e-02   2.6406689e-01   6.9219913e-02   3.7359320e-01   1.6329716e-01   3.6288050e-01  -5.5658123e-01
   4.4814290e-01   3.5813835e-01  -3.8396591e-01   4.6478431e-01   3.9157098e-02   3.4289817e-02   7.5390811e-02   4.7899226e-01   4.3423546e-01   2.2074372e-01   5.8696166e-01   6.1971768e-01   1.9738768e-01   4.2727378e-01  -3.6565675e-01   2.3258226e-02   7.1270229e-01  -2.1866425e-01   3.3485277e-01  -3.9547573e-01   9.6003574e-02
   1.5236722e-01   2.0029131e-01   3.8190795e-01   1.9239928e-01   3.1781745e-01   2.4985798e-01   1.9807065e-01   3.2209829e-01   1.4336416e-01  -7.9314099e-02   5.4380768e-01   3.5076459e-01  -3.3810007e-02   7.5451084e-02  -3.1794540e-01   4.1187539e-02  -1.1112644e-01  -2.7106060e-02   1.5042642e-01  -5.2013510e-01   3.0118490e-01
   4.5030070e-01   3.6044411e-01  -3.8324858e-01   4.6699522e-01   4.1342399e-02   3.6563798e-02   7.6024431e-02   4.8111552e-01   4.3627644e-01   2.2245606e-01   5.8832294e-01   6.2152720e-01   1.9841921e-01   4.2917688e-01  -3.6696744e-01   2.5009780e-02   7.1478161e-01  -2.1677723e-01   3.3685121e-01  -3.9456737e-01   9.3335056e-02
   1.5236705e-01   2.0029110e-01   3.8190770e-01   1.9239916e-01   3.1781714e-01   2.4985767e-01   1.9807060e-01   3.2209816e-01   1.4336401e-01  -7.9314271e-02   5.4380767e-01   3.5076448e-01  -3.3810135e-02   7.5450934e-02  -3.1794538e-01   4.1187296e-02  -1.1112653e-01  -2.7106371e-02   1.5042622e-01  -5.2013530e-01   3.0118533e-01
   4.3188189e-01   3.4093752e-01  -3.8928190e-01   4.4898273e-01   2.2723656e-02   1.7534905e-02   7.1134023e-02   4.6353291e-01   4.1887447e-01   2.0774812e-01   5.7694497e-01   6.0543440e-01   1.8873259e-01   4.1257316e-01  -3.5689356e-01   1.0238399e-02   6.9612525e-01  -2.3207737e-01   3.1942154e-01  -4.0143359e-01   1.1664793e-01
   1.5236706e-01   2.0029098e-01   3.8190709e-01   1.9239890e-01   3.1781672e-01   2.4985725e-01   1.9807061e-01   3.2209800e-01   1.4336405e-01  -7.9314232e-02   5.4380766e-01   3.5076476e-01  -3.3809805e-02   7.5451076e-02  -3.1794500e-01   4.1187197e-02  -1.1112642e-01  -2.7106862e-02   1.5042632e-01  -5.2013593e-01   3.0118565e-01
