  -1.9909759e-01  -6.1881510e-01  -6.9541110e-01  -4.2582814e-01  -5.8436668e-01  -5.8474388e-01  -2.5199865e-01  -5.4286421e-01   3.3803098e-01  -3.0925244e-01   8.0296471e-01   8.5807536e-01   7.4231507e-01   9.3571089e-01   5.0050617e-01   1.3294767e-02   8.1528506e-01  -2.5866891e-01   4.9123803e-01   3.9593544e-01  -6.5320693e-02
   3.8240510e-01   9.2691657e-01   9.7995647e-01   8.0812829e-01   9.3809701e-01   9.3308868e-01   5.3927370e-01   8.7735498e-01   5.3952514e-02   4.6560056e-01  -4.9271363e-01  -7.7328194e-01  -7.4843891e-01  -7.5658410e-01  -7.1957603e-01   2.3003960e-01  -7.8036983e-01   3.5682788e-01  -1.2809448e-01  -4.7745443e-01  -1.0655931e-01
  -7.6371286e-03   3.7042919e-01   4.1741800e-01   9.5344066e-02   4.7558209e-01   4.8636483e-01   1.2099429e-01   2.4725700e-01  -3.0145750e-01   7.0345189e-02  -4.5826837e-01  -5.6553285e-01  -5.1124191e-01  -6.7853078e-01  -3.6887190e-01  -5.0349736e-01  -5.1496731e-01  -2.6627783e-01  -6.1201364e-01  -1.8204510e-01   2.3654299e-01
   1.2797540e-01   6.2023036e-01   6.9053768e-01   4.0698013e-01   6.2845824e-01   6.3000124e-01   1.4100179e-01   5.6367724e-01  -1.6992815e-01   3.4839724e-01  -6.4096094e-01  -7.0271786e-01  -6.1346697e-01  -7.2208223e-01  -5.2137633e-01   2.3100262e-02  -7.8031913e-01   2.1710159e-01  -3.6434420e-01  -1.5120342e-01   1.5363588e-02
  -1.9924246e-01  -7.2475117e-01  -7.7811638e-01  -5.2510379e-01  -8.1889605e-01  -8.2340241e-01  -4.7479743e-01  -6.2992611e-01   2.0030495e-01  -2.4743182e-01   5.5501476e-01   7.4885574e-01   6.9686186e-01   8.2769056e-01   5.7975543e-01   2.2209102e-01   6.4050030e-01   1.5908248e-02   4.4486854e-01   3.6525072e-01   7.9484562e-04
  -1.5963760e-01  -6.7694175e-01  -7.4089238e-01  -4.6580779e-01  -7.4652399e-01  -7.4882739e-01  -4.0972658e-01  -5.7744595e-01   2.6797826e-01  -2.4536929e-01   6.3801678e-01   7.5816246e-01   6.7954558e-01   8.4039109e-01   5.3058209e-01   2.2085108e-01   6.8814813e-01  -2.6235304e-02   5.0687486e-01   3.5666339e-01   1.2150580e-02
   6.2691786e-01   4.3874713e-01   2.4906700e-01   5.4915858e-01   2.0507530e-01   2.9609437e-01   6.3064846e-01   4.7537322e-01   4.2933609e-01   6.8205305e-01  -2.8159819e-01  -4.9700428e-01  -4.9591168e-01  -3.0793671e-01  -5.1242346e-01   1.2350252e-01  -2.8825975e-01   2.0262896e-02   2.8396184e-01  -6.0040149e-01   4.5851767e-02
   4.1550663e-01   8.8419987e-01   9.4677258e-01   8.2959750e-01   8.2236455e-01   8.0039723e-01   4.6099912e-01   8.7576619e-01   1.4705072e-01   5.2280171e-01  -4.4838074e-01  -6.7731069e-01  -6.5114158e-01  -6.0941815e-01  -6.5074573e-01   5.2285494e-01  -7.4751176e-01   5.9762153e-01   7.6803879e-02  -4.9274953e-01  -2.0265821e-01
   3.2068032e-01   8.5211580e-01   8.9946131e-01   6.6193280e-01   8.7967383e-01   8.7992629e-01   4.6939701e-01   7.7301487e-01  -1.0561480e-02   4.3013558e-01  -5.3077640e-01  -7.9129238e-01  -7.5615227e-01  -7.9574053e-01  -7.0131260e-01   1.3077465e-02  -7.7655082e-01   1.7678919e-01  -2.7241558e-01  -4.7989753e-01  -6.3268033e-03
   5.5145978e-01   9.0332619e-01   9.1586049e-01   9.0501262e-01   7.5002231e-01   7.5301438e-01   5.3154350e-01   9.1941542e-01   2.5164581e-01   6.9035862e-01  -5.1995256e-01  -7.4956195e-01  -7.1309645e-01  -6.2210478e-01  -7.0821024e-01   6.2604216e-01  -7.9852028e-01   6.6428628e-01   1.8627015e-01  -5.9624789e-01  -2.0973143e-01
   5.3912230e-01   8.4648078e-01   8.1671134e-01   8.3734078e-01   6.9061586e-01   7.1915328e-01   5.4398669e-01   8.6585419e-01   3.5782221e-01   7.6146748e-01  -4.8996178e-01  -6.9774361e-01  -6.6034982e-01  -5.2441756e-01  -7.0265245e-01   4.9420393e-01  -6.8985833e-01   4.6805896e-01   2.0360432e-01  -6.6499906e-01  -2.1521554e-01
  -5.1196285e-01  -8.7595382e-02   1.2193536e-01  -2.7174789e-01   1.7289763e-01   8.1245378e-02  -4.2224256e-01  -1.5627843e-01  -4.3144967e-01  -5.2302237e-01   8.8141874e-02   2.0175099e-01   2.1212978e-01   1.0213434e-02   2.3432649e-01  -1.3194578e-01  -9.9374204e-03   3.6813034e-02  -3.9222496e-01   4.4385759e-01  -7.3986863e-02
   6.2875031e-01   5.1539060e-01   3.4914378e-01   6.0830848e-01   3.4988964e-01   4.2952279e-01   7.4119826e-01   5.2959985e-01   3.2891244e-01   5.8655166e-01  -2.9151280e-01  -5.7018915e-01  -5.7909259e-01  -4.4449969e-01  -5.5422433e-01   3.1268684e-02  -2.8405024e-01  -3.5647239e-02   1.9206168e-01  -6.2035759e-01   2.1392286e-02
  -4.5406473e-01   1.2148516e-02   2.1414705e-01  -1.6469124e-01   3.0954819e-01   2.2128557e-01  -2.5715151e-01  -6.7636430e-02  -4.3803980e-01  -5.2304539e-01   8.0011868e-02   1.2883542e-01   1.2837976e-01  -8.1649044e-02   1.5602641e-01  -1.9754967e-01  -1.4283552e-02  -2.3033927e-02  -4.1351734e-01   3.9715919e-01  -1.2881652e-01
  -5.6707695e-01  -2.5483398e-01  -3.8622909e-02  -4.4463537e-01  -3.0183558e-02  -1.2086938e-01  -6.1453065e-01  -3.2220944e-01  -5.0024581e-01  -5.6125074e-01   4.4822614e-02   2.2324609e-01   2.5319133e-01   2.0162707e-02   3.3272350e-01  -1.2217544e-01  -6.0946330e-03   5.8357766e-02  -4.3408756e-01   4.7720360e-01  -4.3326507e-02
   6.0838276e-01   4.7375146e-01   2.9262609e-01   5.9420851e-01   2.2351789e-01   3.0552642e-01   5.9276682e-01   5.2573928e-01   5.4935093e-01   7.4301365e-01  -2.0443967e-01  -3.9311759e-01  -3.9932837e-01  -1.4931731e-01  -5.0173277e-01   2.6492847e-01  -2.9460236e-01   1.2906993e-01   3.9916542e-01  -5.8769152e-01  -9.8793716e-03
   6.3779861e-01   3.9070129e-01   2.0906034e-01   5.0326330e-01   8.7019175e-02   1.5730734e-01   4.8034041e-01   4.4787965e-01   5.7459037e-01   7.8167827e-01  -2.1894242e-01  -3.9023334e-01  -3.9202624e-01  -1.2734884e-01  -4.7687816e-01   3.3762521e-01  -3.0761647e-01   1.9205665e-01   4.6123461e-01  -6.1051204e-01  -3.1999103e-02
   6.5149284e-01   4.3569276e-01   2.5650579e-01   5.4430298e-01   1.4179889e-01   2.0937514e-01   5.1613906e-01   4.9101169e-01   5.9226847e-01   7.9619988e-01  -2.1421902e-01  -4.0277800e-01  -4.0866580e-01  -1.3648937e-01  -5.0774811e-01   3.4481755e-01  -3.2301320e-01   1.9774292e-01   4.7204588e-01  -6.1771365e-01  -5.8791330e-02
   5.3598782e-01   6.9652578e-01   5.5465877e-01   7.3736227e-01   6.0927749e-01   6.9307151e-01   7.0768134e-01   7.0579951e-01   4.4510766e-01   6.3456580e-01  -1.9883424e-01  -5.1160109e-01  -5.3956761e-01  -3.4857550e-01  -6.6050984e-01   6.2217393e-02  -4.1191726e-01  -1.5862008e-02   1.8739452e-01  -4.5088873e-01   4.0847780e-02
   3.8243995e-02   2.7498696e-01   3.1267615e-01   2.2507834e-01   2.0620043e-01   2.1619280e-01   2.3407355e-01   2.4843979e-01  -2.7990428e-01   3.0999302e-01  -7.6847190e-01  -4.6447177e-01  -2.8785357e-01  -4.4190446e-01  -1.4838830e-01   2.8853318e-02  -4.9854141e-01   2.3050231e-01  -3.2001676e-01  -1.5964166e-01  -5.8905113e-01
  -2.8929019e-01  -1.3172045e-01  -7.1584736e-02  -2.0770913e-01  -9.6947984e-02  -9.3452411e-02  -1.0056006e-01  -1.5525978e-01  -4.0668256e-01  -1.0398487e-01  -4.3125639e-01  -6.7362532e-02   7.0375667e-02  -1.3517311e-01   2.0973852e-01  -2.3630481e-01  -3.5097136e-02  -8.8905752e-02  -4.1871163e-01   6.3861360e-02  -2.2399458e-01
  -4.3638939e-01  -6.3915315e-01  -5.8754862e-01  -5.3071219e-01  -5.0140024e-01  -5.5197029e-01  -4.4724317e-01  -6.0632200e-01  -1.4491624e-03  -6.1147644e-01   7.4465723e-01   8.5944022e-01   7.6589532e-01   7.9683513e-01   6.3400789e-01  -8.5183049e-03   7.4707260e-01  -1.3756139e-01   2.0307877e-01   4.7089170e-01   1.5717986e-03
  -7.4419334e-02  -5.3862928e-01  -6.0930379e-01  -3.0981785e-01  -5.6013690e-01  -5.6067330e-01  -6.4147556e-02  -4.7979053e-01   1.9039801e-01  -2.9558349e-01   6.0329278e-01   6.4716033e-01   5.6030650e-01   6.7668234e-01   4.6965589e-01   3.9304583e-02   7.2388310e-01  -1.5009721e-01   3.8686205e-01   8.5486663e-02  -5.2285755e-02
   6.1045939e-01   6.6928935e-01   6.1478331e-01   6.9926008e-01   4.9143259e-01   4.9829277e-01   4.8782641e-01   6.8162955e-01   3.6208451e-01   6.8131289e-01  -3.5503673e-01  -6.1203621e-01  -6.0913960e-01  -4.5220769e-01  -6.4706383e-01   4.8263261e-01  -6.4909580e-01   4.7306130e-01   3.1636416e-01  -4.3787498e-01  -3.2464882e-01
  -7.6763024e-01  -7.9722278e-01  -7.1981873e-01  -8.7252656e-01  -5.5764585e-01  -5.7051449e-01  -6.5021494e-01  -8.3242186e-01  -4.9813643e-01  -8.1103902e-01   3.4867793e-01   6.8387908e-01   6.9659392e-01   4.8293003e-01   7.3396484e-01  -6.3040496e-01   6.1596543e-01  -5.5458346e-01  -4.6229166e-01   7.5044161e-01   2.5570972e-01
   6.2139724e-01   6.9525480e-01   5.4862527e-01   7.7578417e-01   4.9203596e-01   5.7403023e-01   6.6168949e-01   7.3328055e-01   4.9416607e-01   7.8410266e-01  -3.2266114e-01  -5.6600076e-01  -5.6286634e-01  -3.4751408e-01  -6.5613784e-01   3.0378974e-01  -5.0592548e-01   2.1701071e-01   2.9920643e-01  -5.7355920e-01  -1.2606995e-02
  -7.6832076e-01  -7.9788752e-01  -7.2041974e-01  -8.7312680e-01  -5.5795145e-01  -5.7084832e-01  -6.5063682e-01  -8.3322289e-01  -4.9853599e-01  -8.1164412e-01   3.4899095e-01   6.8462954e-01   6.9737573e-01   4.8359850e-01   7.3448818e-01  -6.3092251e-01   6.1573308e-01  -5.5473772e-01  -4.6269355e-01   7.5238359e-01   2.5417844e-01
   6.2139743e-01   6.9525502e-01   5.4862552e-01   7.7578445e-01   4.9203616e-01   5.7403040e-01   6.6168966e-01   7.3328075e-01   4.9416612e-01   7.8410281e-01  -3.2266123e-01  -5.6600091e-01  -5.6286648e-01  -3.4751419e-01  -6.5613802e-01   3.0379002e-01  -5.0592588e-01   2.1701110e-01   2.9920654e-01  -5.7355907e-01  -1.2607566e-02
  -7.6391839e-01  -7.9434488e-01  -7.1743859e-01  -8.6943205e-01  -5.5639455e-01  -5.6916048e-01  -6.4779815e-01  -8.2877756e-01  -4.9436979e-01  -8.0767383e-01   3.4887672e-01   6.8164772e-01   6.9388797e-01   4.8166141e-01   7.3154027e-01  -6.2709847e-01   6.1814124e-01  -5.5387388e-01  -4.5845681e-01   7.4108043e-01   2.6055641e-01
   6.2139676e-01   6.9525417e-01   5.4862453e-01   7.7578353e-01   4.9203546e-01   5.7402982e-01   6.6168897e-01   7.3328002e-01   4.9416634e-01   7.8410213e-01  -3.2266017e-01  -5.6599990e-01  -5.6286564e-01  -3.4751325e-01  -6.5613734e-01   3.0378918e-01  -5.0592428e-01   2.1700975e-01   2.9920654e-01  -5.7355904e-01  -1.2605374e-02
