   8.0541369e-01   7.9849721e-01  -2.6627536e-01   4.7925602e-01   4.1875087e-01   5.3239892e-01   4.2769317e-01   6.4912748e-01   8.1296245e-01   7.9252319e-01   2.9670869e-01   7.6741269e-01   6.8602547e-01   8.4223136e-01  -2.6799655e-01   8.4350173e-01   1.3351870e-02   5.7740209e-01   8.8292896e-01  -3.6679084e-01  -3.1011883e-01
  -4.1199920e-01  -3.8670562e-01   1.1300204e-01  -1.9690877e-01  -6.9614107e-02  -1.6002585e-01  -7.2676920e-02  -3.5331297e-01  -4.0390658e-01  -3.5195814e-01  -2.3940281e-01  -5.2083140e-01  -4.0063460e-01  -4.4991896e-01   1.4434873e-01  -5.4782099e-01  -3.1876744e-02  -5.1605695e-01  -4.7196161e-01   1.7295099e-01   1.6303857e-01
  -2.2701975e-01  -1.8941745e-01   2.8698528e-01   1.8136518e-01   1.2830221e-01   7.8985531e-02   1.2410371e-01   8.8877871e-02  -2.0921368e-01  -4.1607467e-01   3.9019313e-01  -1.8135811e-01  -5.2049954e-01  -3.3824496e-01  -2.7808749e-01  -5.0915201e-01   5.4064745e-02  -6.3747942e-01  -2.9691991e-01  -3.1589895e-01   4.4011071e-01
  -3.3675325e-01  -3.2469453e-01   1.1643721e-01  -6.1645061e-02  -3.7131762e-02  -9.7255636e-02   6.0217436e-02  -2.1497980e-01  -3.3080238e-01  -3.2689044e-01  -1.1778624e-01  -3.5336480e-01  -3.3065327e-01  -3.5772345e-01   8.5171742e-02  -4.4988093e-01   1.2532566e-01  -3.7922704e-01  -4.1830120e-01   1.9653602e-01   6.8079667e-02
   3.8654162e-01   3.8503763e-01  -6.1200453e-02   1.2769089e-01   1.5043303e-01   2.2220624e-01   1.0138009e-01   2.5499701e-01   3.7800767e-01   4.3672567e-01  -1.0097648e-02   4.0292760e-01   4.4682063e-01   4.6027742e-01  -6.3086097e-02   6.7199701e-01  -4.5240048e-02   7.3914120e-01   4.5337330e-01   3.2312705e-02  -3.1570918e-01
   3.7323587e-01   3.6194918e-01  -1.4846095e-01   3.0172441e-02   1.0316472e-01   1.4294325e-01   5.0404274e-02   1.5410765e-01   3.5969313e-01   4.6870250e-01  -1.2692645e-01   4.0173541e-01   5.3326988e-01   4.8145238e-01   2.9073332e-02   6.4845527e-01  -7.1897340e-02   7.1358202e-01   4.3705349e-01   3.6136058e-02  -2.9223759e-01
  -2.2854697e-01  -2.2002092e-01  -9.5764221e-02  -7.4557755e-02  -1.5524014e-01  -8.1712376e-02   5.2573393e-02  -2.1433640e-01  -2.1039350e-01  -4.9843428e-02  -4.2364669e-01  -4.7766217e-01  -1.6653779e-01  -2.3595269e-01   1.7871592e-01  -1.2320672e-01  -1.5776010e-01  -2.9989320e-02  -2.2617192e-01   4.3857313e-01  -1.4583382e-01
  -3.1473308e-01  -2.6527242e-01   2.5834962e-01  -2.4623651e-01   6.1446855e-02  -2.7030749e-04  -1.0246450e-01  -3.5908902e-01  -3.1960001e-01  -1.7562926e-01  -4.0976558e-01  -4.6703879e-01  -1.9564063e-01  -3.1737538e-01   2.7382006e-01  -2.3014008e-01  -4.0716905e-02  -5.0404529e-02  -3.1929524e-01   5.0471057e-01  -3.1853582e-01
  -2.8817805e-01  -2.3934274e-01   2.7358290e-01   8.2881938e-02   1.3642368e-01   7.5559630e-02   1.0266334e-01  -4.6439857e-02  -2.6821262e-01  -3.7960513e-01   1.6295713e-01  -3.7074414e-01  -5.5600205e-01  -3.9813555e-01  -1.7171808e-01  -5.1160721e-01   4.9707164e-02  -5.7265306e-01  -3.7400721e-01  -6.4561616e-02   2.7449591e-01
  -1.0701308e-01  -9.1443239e-02   5.6382689e-02  -1.5120150e-01   3.3243427e-03  -4.8781070e-02   2.0738838e-01  -2.3160940e-01  -1.2259610e-01   3.9490318e-02  -3.9476114e-01  -1.2296191e-01   2.0487071e-01  -6.5689667e-02   4.0999128e-01   3.6978237e-02   7.4780011e-04   2.2884254e-01  -9.9990196e-02   3.1276945e-01  -3.5889951e-01
  -4.0207236e-01  -3.2021013e-01   5.1574817e-01   1.7759779e-01   1.8782332e-01   1.1214340e-01   6.8462900e-02  -3.2091285e-02  -3.8860437e-01  -4.7161836e-01   6.4789259e-02  -5.3633543e-01  -7.0925596e-01  -5.1538729e-01  -2.9551147e-01  -4.2041901e-01  -3.4776564e-03  -2.9243440e-01  -4.5824310e-01   5.2689899e-02   3.4147924e-01
   1.4096744e-01   9.7496418e-02  -3.6334950e-02  -4.3717498e-02  -5.0182123e-02  -1.1511553e-01  -2.8119507e-01   7.4255133e-02   1.1685855e-01  -3.1556606e-02   3.6580491e-01   4.3763585e-01   1.6453478e-01   1.7299347e-01  -5.1593873e-02   4.0866534e-04   2.8659137e-01  -9.0400275e-02   1.4266075e-01  -3.5643808e-01   1.1152338e-01
  -3.3548675e-01  -3.2354189e-01  -1.0192976e-03  -9.7066184e-02  -1.3485400e-01  -1.2966795e-01   3.4000876e-02  -2.5095465e-01  -3.1757525e-01  -2.5994936e-01  -2.2944268e-01  -4.7453286e-01  -3.3028679e-01  -3.7659549e-01   1.4380939e-01  -3.9384738e-01  -4.8709727e-02  -3.5910720e-01  -3.7477866e-01   2.5244371e-01   4.9447680e-02
   1.8626076e-01   1.5383652e-01  -5.9022340e-02  -4.3699913e-02   5.1472094e-02  -7.0126963e-02  -1.9181055e-01   6.3960998e-02   1.5821549e-01   4.2392274e-02   3.0715515e-01   4.3968215e-01   2.2337388e-01   2.1984324e-01  -5.7551699e-02  -6.0141889e-02   2.1532063e-01  -2.0300963e-01   1.6059754e-01  -4.3188965e-01   1.8582075e-01
   1.5773964e-01   1.3321563e-01   4.0093908e-02   1.7242906e-02   5.5352167e-02  -2.7571387e-02  -1.2333928e-01   1.4494193e-01   1.4020818e-01  -3.0215445e-02   4.2223862e-01   4.5309222e-01   1.3708801e-01   1.7750325e-01  -1.3212037e-01   8.7189555e-03   1.7676447e-01  -1.1753372e-01   1.5747784e-01  -5.0565610e-01   2.4590109e-01
  -1.8505140e-01  -2.0708016e-01  -2.2663575e-01  -1.8937065e-01  -2.8520446e-01  -1.6973760e-01  -6.0481803e-02  -2.9367924e-01  -1.7408283e-01   5.6591725e-02  -5.6860220e-01  -3.8017071e-01   4.9296075e-02  -1.2435030e-01   3.6460735e-01   7.0831147e-02  -7.2676287e-02   2.4164113e-01  -1.4773679e-01   6.3582551e-01  -4.1660806e-01
   9.1873792e-02   8.1662028e-02  -1.7901822e-01   8.1724405e-02  -9.1385782e-02   5.7980116e-02   2.2094265e-01   1.6088081e-02   1.0006587e-01   3.5865633e-01  -5.4624797e-01  -9.6327577e-02   3.3666604e-01   2.0692885e-01   1.9677100e-01   5.5322821e-01  -1.8535297e-01   7.3702505e-01   1.9827906e-01   4.2076064e-01  -4.1808975e-01
   2.3528883e-02  -4.6715530e-03  -2.5550944e-01   1.8056968e-03  -2.0086147e-01  -6.3120448e-02   1.6408715e-01  -8.7295979e-02   3.0098514e-02   3.1823493e-01  -6.3509232e-01  -1.3145395e-01   3.5732296e-01   1.6619938e-01   3.0277201e-01   5.0358696e-01  -1.3431293e-01   7.0624019e-01   1.3226867e-01   4.4671638e-01  -4.0830977e-01
  -3.2376645e-01  -3.7622437e-01  -3.4281270e-01  -3.6509823e-01  -4.3584684e-01  -4.0380462e-01  -3.4047131e-01  -4.9342857e-01  -3.1537149e-01  -1.4186865e-01  -4.8629362e-01  -4.2203157e-01  -1.0206508e-01  -2.6630354e-01   4.2963447e-01  -2.4667981e-01   1.8102219e-01  -1.4537290e-01  -3.4421587e-01   5.3605096e-01  -2.4151163e-01
   2.1879837e-01   2.4930379e-01   1.6029814e-01   7.7441382e-02   3.0408704e-01   3.1579893e-01   5.3084726e-02   1.0561711e-01   2.0638142e-01   2.7177680e-01  -7.3811696e-02   1.4591006e-01   2.5385706e-01   2.3373130e-01   8.4323587e-02   3.1224051e-01   1.4376993e-01   3.5898827e-01   2.7093973e-01   2.8602109e-01  -6.0935037e-01
  -2.1518473e-01  -2.4598189e-01  -1.6290336e-01  -7.4825385e-02  -3.0200684e-01  -3.1291189e-01  -5.0137716e-02  -1.0280262e-01  -2.0261274e-01  -2.6801326e-01   7.4877896e-02  -1.4210688e-01  -2.5025728e-01  -2.2952707e-01  -8.4648286e-02  -3.0923451e-01  -1.4116694e-01  -3.5775780e-01  -2.6728508e-01  -2.8581726e-01   6.0563724e-01
   2.0485545e-01   1.8375981e-01  -5.8565897e-02  -4.6854027e-02  -1.0880033e-02  -3.5802813e-02  -2.2669531e-01   8.9357291e-02   1.8952442e-01   1.2017601e-01   2.1877483e-01   3.6586953e-01   2.2383838e-01   2.3440239e-01  -5.7300060e-02   2.1058018e-01   4.0062921e-02   1.3830883e-01   2.4937819e-01  -3.0225883e-01   8.1869168e-02
   3.3002887e-01   3.2210134e-01  -1.0341019e-01   4.0389170e-02   4.3119407e-02   1.0141744e-01  -7.2194713e-02   2.0169750e-01   3.2370703e-01   3.2304009e-01   1.0988031e-01   3.2315824e-01   3.1529006e-01   3.4000333e-01  -7.8369524e-02   4.1471809e-01  -1.6613310e-01   3.2980230e-01   4.1170165e-01  -1.9307882e-01  -6.8665232e-02
   2.5511230e-01   2.8732465e-01   1.4947976e-01   1.1600902e-01   3.2930693e-01   3.4352371e-01   7.4990969e-02   1.4224456e-01   2.4238678e-01   3.0611456e-01  -5.9346310e-02   1.7105882e-01   2.7294309e-01   2.6689116e-01   5.1386103e-02   3.4119010e-01   1.3919550e-01   3.8124810e-01   3.0551325e-01   2.7455518e-01  -6.0355120e-01
   4.2323276e-02  -2.4513064e-02  -2.0145986e-01  -5.6086536e-03  -2.1143475e-01  -2.6543457e-01  -2.0239098e-01   7.2346239e-02   3.3569327e-02  -1.6785519e-01   4.4900165e-01   3.3277941e-01  -2.1139770e-02   3.6857190e-02  -1.4101768e-01  -2.3700101e-01   2.5099625e-01  -4.0690609e-01  -1.2390868e-02  -5.1545901e-01   4.6824338e-01
  -2.8198135e-01  -3.1437677e-01  -2.7051380e-01  -2.8179879e-01  -3.5341433e-01  -2.8766361e-01  -2.0955759e-01  -4.1795345e-01  -2.7240499e-01  -5.1332755e-02  -5.7774642e-01  -4.6385868e-01  -5.9563536e-02  -2.2420023e-01   3.9342918e-01  -1.1517263e-01   3.6792537e-02   3.2528447e-02  -2.7677348e-01   6.2009326e-01  -3.1915082e-01
   4.6937406e-02  -2.0118370e-02  -2.0083695e-01  -4.2269123e-03  -2.0822880e-01  -2.6265719e-01  -2.0379374e-01   7.5184450e-02   3.7844909e-02  -1.6473886e-01   4.5293812e-01   3.3947259e-01  -1.6614147e-02   4.1687676e-02  -1.4110470e-01  -2.3395131e-01   2.5666514e-01  -4.0499443e-01  -7.4477327e-03  -5.1621896e-01   4.6236841e-01
  -2.8198124e-01  -3.1437663e-01  -2.7051365e-01  -2.8179870e-01  -3.5341413e-01  -2.8766341e-01  -2.0955755e-01  -4.1795336e-01  -2.7240488e-01  -5.1332647e-02  -5.7774639e-01  -4.6385860e-01  -5.9563455e-02  -2.2420013e-01   3.9342915e-01  -1.1517248e-01   3.6792588e-02   3.2528626e-02  -2.7677335e-01   6.2009335e-01  -3.1915106e-01
   2.2589357e-02  -4.3174354e-02  -2.0399082e-01  -1.1416804e-02  -2.2471509e-01  -2.7669266e-01  -1.9560269e-01   6.0082171e-02   1.5320187e-02  -1.8056160e-01   4.3088882e-01   3.0332501e-01  -4.0302380e-02   1.6238318e-02  -1.4029144e-01  -2.4939505e-01   2.2603060e-01  -4.1407333e-01  -3.3451307e-02  -5.1090589e-01   4.9228884e-01
  -2.8198165e-01  -3.1437707e-01  -2.7051387e-01  -2.8179884e-01  -3.5341462e-01  -2.8766390e-01  -2.0955768e-01  -4.1795358e-01  -2.7240528e-01  -5.1333087e-02  -5.7774643e-01  -4.6385902e-01  -5.9563958e-02  -2.2420058e-01   3.9342899e-01  -1.1517300e-01   3.6792323e-02   3.2528190e-02  -2.7677389e-01   6.2009328e-01  -3.1915025e-01
