  -2.2262883e-02  -5.0304323e-01  -6.2716470e-01  -2.6756209e-01  -5.0120417e-01  -4.8527964e-01  -5.5512352e-02  -4.1689911e-01   4.4683125e-01  -2.0669483e-01   8.2509216e-01   7.5921856e-01   6.1614359e-01   8.5927921e-01   3.6857153e-01   3.5194588e-02   8.0560129e-01  -2.7571605e-01   5.9577077e-01   2.7450607e-01   4.3117564e-03
   2.4861778e-01   8.4236170e-01   9.3763239e-01   7.1544299e-01   8.7547959e-01   8.5011907e-01   3.7464187e-01   7.9930058e-01   2.2576448e-02   3.9718077e-01  -4.5674197e-01  -6.3920098e-01  -6.0118470e-01  -6.1993967e-01  -6.0524298e-01   3.1647447e-01  -7.5675371e-01   4.4770134e-01  -1.1957837e-01  -3.3556864e-01  -2.3529720e-01
  -1.7833937e-01   2.9184109e-01   4.0703398e-01  -4.8932334e-04   4.9408224e-01   4.6243894e-01  -2.1375358e-02   1.6356231e-01  -3.5527835e-01  -7.5716324e-02  -3.6099554e-01  -3.8912156e-01  -3.3508362e-01  -5.2473177e-01  -2.5413231e-01  -4.4489926e-01  -4.5356811e-01  -2.0403453e-01  -5.9257441e-01   8.6609305e-02  -1.2139296e-01
  -4.3231799e-02   4.1411069e-01   5.0281806e-01   1.8823622e-01   4.5678820e-01   4.4393803e-01  -1.0277718e-01   3.6856647e-01  -1.2858006e-01   2.3988260e-01  -4.6547066e-01  -4.4449952e-01  -3.6650011e-01  -4.4779205e-01  -3.5077885e-01   2.1787650e-02  -6.1506867e-01   1.6485647e-01  -3.0385762e-01   5.4522397e-02  -4.8683479e-02
   8.7703469e-02  -5.1163761e-01  -6.3855624e-01  -2.7243404e-01  -7.0688503e-01  -6.6694734e-01  -1.9421640e-01  -4.0654754e-01   2.4921404e-01  -1.9829548e-02   3.5211788e-01   4.1437992e-01   3.6831555e-01   5.1326804e-01   3.3715591e-01   2.3548340e-01   4.6401129e-01   3.3066935e-02   4.5543662e-01   9.1496329e-02   2.2981407e-01
   5.2846802e-02  -5.3069047e-01  -6.4663582e-01  -2.8679526e-01  -6.8772407e-01  -6.5650551e-01  -1.8775945e-01  -4.2617437e-01   2.3963439e-01  -1.0769117e-01   4.4679960e-01   4.8234454e-01   4.1672812e-01   5.5772364e-01   3.7530222e-01   2.1107718e-01   5.5941314e-01  -6.4346882e-03   4.6564183e-01   1.1090998e-01   2.5700541e-01
   4.4870221e-01   3.9842950e-02  -1.5321079e-01   2.7370845e-01  -2.2551428e-01  -1.4933717e-01   4.1377876e-01   1.1927338e-01   4.8669677e-01   5.3365927e-01  -3.8269003e-02  -3.3246551e-02  -2.9594757e-02   2.0613235e-01  -1.2555313e-01   2.6412424e-01   4.7829767e-02   8.9470274e-02   4.8950920e-01  -3.7539264e-01  -2.4395239e-01
   4.1431636e-01   8.2559860e-01   8.7630785e-01   8.1993244e-01   6.9863611e-01   6.8535929e-01   3.9030215e-01   8.4725913e-01   2.0698605e-01   5.9655420e-01  -4.6649653e-01  -6.1250699e-01  -5.6820766e-01  -4.9363169e-01  -5.8901204e-01   6.7808860e-01  -7.4990513e-01   7.2415273e-01   1.7307498e-01  -4.7491614e-01  -2.4470967e-01
   1.2779945e-01   7.2566979e-01   8.4047983e-01   5.2210771e-01   8.1296267e-01   7.7705452e-01   2.7239695e-01   6.4647552e-01  -1.0909013e-01   2.7904646e-01  -4.8242554e-01  -6.1600029e-01  -5.6434033e-01  -6.4574875e-01  -5.3452521e-01   8.4736597e-02  -7.2104940e-01   2.7074280e-01  -2.9238063e-01  -2.5201420e-01  -2.4993637e-01
   5.3355322e-01   8.4032692e-01   8.6775587e-01   8.5361650e-01   6.7119342e-01   6.6033086e-01   4.4790769e-01   8.6644628e-01   2.5666204e-01   6.7195166e-01  -4.9469648e-01  -6.9584713e-01  -6.5835808e-01  -5.6302925e-01  -6.5215919e-01   7.1831568e-01  -7.6764424e-01   7.4194384e-01   2.4458055e-01  -5.7754502e-01  -2.7249321e-01
   5.1806270e-01   8.1223448e-01   7.8259811e-01   8.1382232e-01   6.7128753e-01   6.9515229e-01   5.2537632e-01   8.3838333e-01   3.9536425e-01   7.4016038e-01  -4.2003800e-01  -6.2446172e-01  -5.9742897e-01  -4.4223710e-01  -6.7246299e-01   5.0831297e-01  -6.2428830e-01   4.5313963e-01   2.5737846e-01  -6.1524379e-01  -2.7440911e-01
  -2.0197152e-01   2.8086614e-01   4.7308654e-01   3.1280227e-02   5.0226976e-01   4.1484920e-01  -1.3193233e-01   1.8561759e-01  -3.9775091e-01  -2.9509881e-01  -1.4088094e-01  -2.6286799e-01  -2.6176823e-01  -4.6804112e-01  -1.4657124e-01  -1.3683449e-01  -2.8587811e-01   5.9293951e-02  -4.3037056e-01   4.9915812e-02   7.0168205e-02
   4.3940188e-01   5.9542734e-02  -1.4444728e-01   3.0248394e-01  -1.2468172e-01  -4.7900670e-02   5.3884396e-01   1.2738454e-01   5.1118748e-01   4.4110205e-01   1.0721181e-01   3.4714621e-02   1.4273981e-03   2.4842257e-01  -1.3688903e-01   1.2402515e-01   1.7748781e-01  -7.6168189e-02   4.9439775e-01  -3.2313058e-01  -2.7441492e-01
  -3.1268502e-01   1.7402699e-01   3.6651989e-01  -6.8419374e-02   4.5091850e-01   3.6641014e-01  -1.6113364e-01   7.5007607e-02  -4.4936048e-01  -4.2991907e-01  -4.2835608e-02  -1.2763078e-01  -1.3426752e-01  -3.6080177e-01  -3.7361287e-02  -2.6534328e-01  -1.4632788e-01  -7.0794293e-02  -4.8135380e-01   1.8479126e-01   8.1329771e-02
  -3.6104590e-01   5.5551956e-02   2.4894991e-01  -2.1993295e-01   2.8585643e-01   2.1301376e-01  -3.7673202e-01  -4.4262598e-02  -5.0624497e-01  -4.0578586e-01  -1.4497635e-01  -1.6884783e-01  -1.4715069e-01  -4.0057756e-01   1.4155603e-03  -2.6782054e-01  -2.3504657e-01  -5.1184504e-02  -5.5952755e-01   2.3008298e-01   1.8331619e-01
   4.6555877e-01   1.6713050e-01   2.4824801e-02   3.7410783e-01  -1.4926861e-01  -9.8414930e-02   3.3688360e-01   2.5624073e-01   4.7960306e-01   6.2350723e-01  -1.5678940e-01  -1.1971671e-01  -9.2209148e-02   1.3882909e-01  -1.7574050e-01   5.1670206e-01  -1.3713099e-01   3.7531372e-01   5.1894290e-01  -4.6298966e-01  -2.4293106e-01
   4.9928906e-01   1.5178687e-01   1.2309750e-02   3.6145516e-01  -1.8249365e-01  -1.3907195e-01   3.3801978e-01   2.4114370e-01   4.3460105e-01   6.2324710e-01  -2.1224523e-01  -1.7109414e-01  -1.3522292e-01   7.4236956e-02  -1.7848822e-01   5.3642259e-01  -1.5920982e-01   4.1136977e-01   5.1834537e-01  -4.6469679e-01  -2.8015830e-01
   4.7499063e-01   1.4338560e-01   1.9257655e-02   3.5102640e-01  -1.8761399e-01  -1.5250278e-01   3.1930413e-01   2.3271297e-01   3.9201859e-01   5.9337140e-01  -2.3065898e-01  -1.6519284e-01  -1.2210727e-01   6.7621327e-02  -1.5100569e-01   5.5723982e-01  -1.6004601e-01   4.4789412e-01   5.0118937e-01  -4.5114447e-01  -2.9882158e-01
   5.4422441e-01   3.5652278e-01   2.1378350e-01   5.5945780e-01   4.8389918e-02   1.1009221e-01   4.9607132e-01   4.3854014e-01   4.5781673e-01   7.1508057e-01  -2.9596323e-01  -2.9757559e-01  -2.5536536e-01  -4.2375548e-02  -3.2038397e-01   5.2916254e-01  -2.9636397e-01   4.2156143e-01   4.6333451e-01  -5.2045801e-01  -2.9162165e-01
  -3.4147779e-02  -2.0156903e-01  -2.9840614e-01  -1.0402379e-01  -3.6881440e-01  -2.9240873e-01   1.3691066e-02  -1.5703075e-01  -1.7103916e-02   2.9228285e-01  -4.0819649e-01  -8.8546522e-04   1.3890038e-01   1.3383159e-01   1.5204268e-01  -2.9226119e-02  -7.5114113e-02  -7.9292168e-03  -5.1266895e-02   8.8376187e-02  -3.4570061e-01
  -5.0839250e-02  -2.1633239e-01  -3.1025033e-01  -1.2498993e-01  -3.7910490e-01  -3.0321046e-01  -3.1488011e-03  -1.7295388e-01  -3.7195692e-02   2.7084094e-01  -4.0761119e-01   4.1502007e-03   1.4476919e-01   1.3016306e-01   1.6588179e-01  -4.8221755e-02  -6.2649879e-02  -2.2930053e-02  -7.0519803e-02   9.5813103e-02  -3.1477192e-01
  -4.6859669e-01  -6.5452455e-01  -5.9002400e-01  -5.2642234e-01  -5.6327111e-01  -5.8743155e-01  -3.5051526e-01  -6.2738629e-01  -4.1480992e-01  -6.9701402e-01   3.2013764e-01   5.9349561e-01   5.9637693e-01   4.2196521e-01   7.1551242e-01  -1.2796433e-01   6.4354883e-01  -1.0179852e-01  -1.4556445e-01   3.6022048e-01   1.7852025e-01
   9.1248995e-02  -3.4498676e-01  -4.5307074e-01  -9.1922503e-02  -4.4666073e-01  -4.1331165e-01   2.0581319e-01  -2.8969402e-01   1.1891649e-01  -7.1000239e-02   2.3502617e-01   3.3121764e-01   3.1092745e-01   3.8327856e-01   3.1029075e-01   3.2462454e-02   4.7742669e-01  -8.0456744e-02   2.7791013e-01  -1.0905244e-01  -1.5513780e-01
   5.1361001e-01   5.1111289e-01   4.4479948e-01   6.3655082e-01   3.8069151e-01   3.8586411e-01   4.8242038e-01   5.4259463e-01   5.2473177e-01   6.0510615e-01  -6.9157946e-02  -2.6631299e-01  -2.9545177e-01  -5.3031268e-02  -4.7056137e-01   5.3738572e-01  -3.8706300e-01   4.3127156e-01   5.0521728e-01  -3.2199382e-01  -6.4947399e-01
  -6.7777416e-01  -6.4219699e-01  -5.4943089e-01  -7.9666173e-01  -4.0949553e-01  -4.2708800e-01  -5.9732351e-01  -7.0312165e-01  -5.9696945e-01  -7.5427254e-01   1.5903456e-01   4.1036822e-01   4.3658144e-01   1.6546111e-01   5.6668250e-01  -6.9137438e-01   4.2741383e-01  -5.5242536e-01  -5.9756474e-01   6.1224171e-01   4.0174737e-01
   5.2138927e-01   3.4935573e-01   2.2321873e-01   5.4573169e-01   1.6735123e-02   7.4033490e-02   3.9399975e-01   4.4153684e-01   4.5752205e-01   7.3722306e-01  -3.2439690e-01  -2.9677024e-01  -2.4444979e-01  -3.0927369e-02  -3.0689568e-01   6.3274792e-01  -3.5001649e-01   5.2554017e-01   4.7909050e-01  -5.0413516e-01  -2.6019816e-01
  -6.7935768e-01  -6.4390475e-01  -5.5101913e-01  -7.9817428e-01  -4.1018358e-01  -4.2785771e-01  -5.9820920e-01  -7.0509447e-01  -5.9690859e-01  -7.5556742e-01   1.6069669e-01   4.1274098e-01   4.3883969e-01   1.6785283e-01   5.6797562e-01  -6.9250179e-01   4.2809652e-01  -5.5343622e-01  -5.9769971e-01   6.1558512e-01   3.9745905e-01
   5.2138932e-01   3.4935635e-01   2.2321947e-01   5.4573230e-01   1.6735991e-02   7.4034296e-02   3.9400052e-01   4.4153730e-01   4.5752199e-01   7.3722353e-01  -3.2439762e-01  -2.9677063e-01  -2.4445001e-01  -3.0927647e-02  -3.0689607e-01   6.3274795e-01  -3.5001729e-01   5.2554046e-01   4.7909029e-01  -5.0413503e-01  -2.6020108e-01
  -6.7084196e-01  -6.3507106e-01  -5.4288937e-01  -7.9017866e-01  -4.0663185e-01  -4.2389661e-01  -5.9336364e-01  -6.9485750e-01  -5.9652023e-01  -7.4863890e-01   1.5268456e-01   4.0077103e-01   4.2731879e-01   1.5597094e-01   5.6117727e-01  -6.8637317e-01   4.2493004e-01  -5.4823722e-01  -5.9628789e-01   5.9794919e-01   4.1896211e-01
   5.2138679e-01   3.4935278e-01   2.2321591e-01   5.4572835e-01   1.6731568e-02   7.4030170e-02   3.9399744e-01   4.4153408e-01   4.5751829e-01   7.3722084e-01  -3.2439914e-01  -2.9676991e-01  -2.4444861e-01  -3.0928004e-02  -3.0689243e-01   6.3274565e-01  -3.5001430e-01   5.2553863e-01   4.7908718e-01  -5.0413602e-01  -2.6019223e-01
