   6.0485175e-01   6.2945836e-01   5.2908542e-01   6.5969940e-01   5.1900337e-01   5.6617018e-01   6.8677816e-01   6.2253687e-01   1.5203000e-01   4.4341233e-01  -3.2000701e-01  -6.9506083e-01  -7.1846122e-01  -6.6753157e-01  -6.1949742e-01   5.6767537e-02  -4.1758516e-01   7.4498359e-02   6.6502859e-02  -5.3923741e-01   2.3192244e-01
  -4.8594530e-01  -9.1538425e-01  -9.1622427e-01  -8.1884189e-01  -9.0128767e-01  -9.1912723e-01  -6.5896745e-01  -8.6427189e-01  -8.2248429e-02  -4.8821922e-01   4.7675656e-01   8.3323734e-01   8.2560936e-01   8.2122209e-01   7.6394045e-01  -1.0955498e-01   7.1857186e-01  -2.1724122e-01   1.2303091e-01   5.7918565e-01  -4.6376163e-02
  -2.2550027e-01  -2.3825057e-01  -1.6394756e-01  -1.6241525e-01  -1.4623673e-01  -2.0684099e-01  -2.3386019e-01  -2.0079778e-01   3.6411101e-02  -2.2058806e-01   2.9481236e-01   4.3919026e-01   4.1933421e-01   4.4957851e-01   2.8602885e-01   2.5936038e-01   2.6722919e-01   1.7895320e-01   2.4601303e-01   4.2466339e-01  -5.6363385e-01
  -4.0463098e-01  -4.4987368e-01  -3.9966631e-01  -4.9751363e-01  -3.6573883e-01  -4.0049245e-01  -5.7944260e-01  -4.2771876e-01   8.6607287e-02  -2.3509405e-01   3.7399630e-01   5.6952226e-01   5.4939373e-01   6.0691872e-01   3.7170107e-01  -1.3338000e-03   3.3804186e-01  -1.0924106e-01   1.1743936e-01   4.8641806e-01  -1.5396804e-01
   4.4164843e-01   5.9369929e-01   5.2859934e-01   5.4996274e-01   5.1379415e-01   5.7005985e-01   5.6082106e-01   5.6253447e-01  -3.2635618e-02   3.9148996e-01  -5.0305391e-01  -7.5277789e-01  -7.2159736e-01  -7.6464216e-01  -5.6285933e-01  -8.5976208e-02  -5.1023380e-01   1.3593223e-02  -1.9204136e-01  -5.0203524e-01   2.7887305e-01
   3.7019464e-01   3.3707669e-01   2.6143658e-01   3.5994972e-01   2.0434529e-01   2.5942812e-01   4.2196712e-01   3.3084021e-01  -8.5172326e-02   2.6045851e-01  -4.0486816e-01  -5.6047128e-01  -5.2783228e-01  -5.8358850e-01  -3.3058718e-01  -4.8005928e-02  -3.1009473e-01   3.6145140e-02  -1.4088435e-01  -4.5311637e-01   3.9813801e-01
  -4.1209590e-01  -6.7208842e-01  -6.2758185e-01  -5.2798362e-01  -6.5578385e-01  -7.0017557e-01  -4.6715602e-01  -6.2169420e-01  -3.1155554e-02  -3.8467281e-01   4.1359430e-01   7.7796297e-01   7.8126071e-01   7.9929934e-01   6.7436959e-01   1.6473148e-01   5.4513063e-01   9.1588985e-02   2.1394359e-01   4.7069586e-01  -4.1744759e-01
  -3.7982426e-01  -8.8821524e-01  -9.6207488e-01  -7.6874708e-01  -9.2480726e-01  -8.9242440e-01  -5.2033344e-01  -8.3762909e-01  -4.8360308e-02  -3.7060638e-01   3.8221254e-01   7.0878214e-01   7.1081903e-01   7.1969338e-01   6.8022948e-01  -2.5447121e-01   6.7685182e-01  -3.6343839e-01   6.7378024e-02   4.7384961e-01   1.2446580e-01
  -4.5628839e-01  -7.6089110e-01  -7.1604316e-01  -6.3972496e-01  -7.1084912e-01  -7.5332471e-01  -5.6809058e-01  -7.0409636e-01  -1.0764279e-01  -4.8614844e-01   4.3838362e-01   7.7426681e-01   7.6830945e-01   7.4787513e-01   6.9958964e-01   7.4405856e-02   6.2355307e-01  -1.7289702e-02   1.7261985e-01   6.1176601e-01  -2.8037792e-01
  -5.1475192e-01  -9.1809533e-01  -8.9575390e-01  -8.9373430e-01  -8.2128647e-01  -8.5468543e-01  -6.4382713e-01  -9.0963743e-01  -2.0555705e-01  -6.3548440e-01   5.0396840e-01   7.6501907e-01   7.3589217e-01   6.6717925e-01   7.3460447e-01  -3.3386582e-01   7.5637268e-01  -3.9931749e-01  -3.0692854e-02   5.5509484e-01   4.0994716e-02
  -4.5711560e-01  -7.2340654e-01  -7.0312509e-01  -6.6570900e-01  -5.4872606e-01  -5.9005813e-01  -4.4852897e-01  -7.0355638e-01  -5.5265145e-02  -6.0500086e-01   6.6002108e-01   8.1327942e-01   7.3870787e-01   7.4178402e-01   6.0897655e-01  -2.5810147e-01   7.7093530e-01  -3.8065849e-01   1.2465780e-01   6.7836731e-01  -1.4309825e-01
   6.3887011e-02   5.0621467e-01   6.5210056e-01   2.5136454e-01   6.5999614e-01   5.9093845e-01   1.0708996e-01   4.0777053e-01  -3.0345172e-01  -7.4112436e-02  -2.8681363e-01  -5.6291361e-01  -5.6891113e-01  -7.4252952e-01  -4.0454619e-01  -1.1666014e-01  -4.4149604e-01   6.5706628e-02  -3.8386468e-01  -2.5196098e-01   1.6524415e-01
  -3.0509696e-01  -6.2787352e-01  -6.5754416e-01  -4.4927818e-01  -6.3372354e-01  -6.4581356e-01  -3.3345141e-01  -5.6199623e-01   1.9391520e-01  -2.4542588e-01   5.3217840e-01   8.2103162e-01   7.9134181e-01   9.1821071e-01   5.8362639e-01   1.1321848e-01   6.1031312e-01  -4.7111246e-02   3.5940256e-01   4.3976150e-01  -3.7399856e-01
   1.3839114e-03   3.9089020e-01   5.1626330e-01   1.0667609e-01   5.6010557e-01   5.0438218e-01   3.8422516e-02   2.8712124e-01  -3.4723303e-01  -1.6295840e-01  -2.3135005e-01  -5.1093895e-01  -5.2585846e-01  -7.1848840e-01  -3.4219027e-01  -3.0452868e-01  -3.2204978e-01  -1.2955914e-01  -4.6265568e-01  -2.1054038e-01   4.0164700e-01
   2.5851649e-01   5.5102706e-01   5.6375314e-01   3.2879653e-01   6.2286482e-01   6.3404804e-01   3.0915312e-01   4.6810032e-01  -1.4680674e-01   1.5912724e-01  -3.6686856e-01  -7.2267755e-01  -7.3107458e-01  -8.3460848e-01  -5.7180637e-01  -3.2372190e-01  -4.5876420e-01  -2.0298133e-01  -3.6744895e-01  -3.6477835e-01   4.4083335e-01
  -4.1373392e-01  -5.9893479e-01  -4.8100187e-01  -5.1825786e-01  -6.0567801e-01  -6.7830638e-01  -5.6843712e-01  -5.6442536e-01  -2.8971635e-01  -4.2749987e-01   1.3854305e-01   5.2385910e-01   5.7377440e-01   4.6000987e-01   6.3609622e-01   2.6452048e-01   3.2542380e-01   3.0390665e-01   3.0914120e-02   3.8087545e-01  -3.2664735e-01
  -3.3536869e-01  -4.8212200e-01  -3.8173142e-01  -3.2302024e-01  -4.9582717e-01  -5.5362204e-01  -3.2082726e-01  -4.3209967e-01  -3.2944136e-01  -3.9068661e-01   4.1763498e-02   4.4654482e-01   5.1442799e-01   3.7931692e-01   6.0063630e-01   3.1115761e-01   3.0829794e-01   3.6777188e-01   3.9919314e-02   3.4478273e-01  -4.4131415e-01
  -3.2216526e-01  -4.9652286e-01  -3.9740861e-01  -3.4305124e-01  -5.3945579e-01  -5.9570616e-01  -3.4716953e-01  -4.4485571e-01  -3.5705851e-01  -3.7295345e-01  -1.4187232e-02   4.0637000e-01   4.8569580e-01   3.3705590e-01   6.0459435e-01   3.2276259e-01   2.8143160e-01   3.9207790e-01   1.9838550e-02   3.0420076e-01  -3.8375078e-01
  -4.9229183e-01  -6.9618819e-01  -5.6567628e-01  -7.0770681e-01  -6.5138827e-01  -7.3211396e-01  -6.8579708e-01  -6.9302076e-01  -4.0787598e-01  -5.7144397e-01   1.6748333e-01   5.0560591e-01   5.4265659e-01   3.7030310e-01   6.6303912e-01   1.7855646e-02   3.9795311e-01   8.5011290e-02  -1.2816835e-01   4.0404842e-01  -9.1129594e-02
  -3.5806760e-02  -2.1274353e-01  -3.1229936e-01  -1.1212450e-01  -3.8092729e-01  -3.0349145e-01   7.3570779e-03  -1.6669629e-01  -9.5423155e-03   2.8859700e-01  -3.9363257e-01   1.2133867e-02   1.4936100e-01   1.4852841e-01   1.5881490e-01  -3.0537148e-02  -6.2411923e-02  -1.4533837e-02  -4.3165610e-02   9.4372143e-02  -3.3509980e-01
  -4.1664233e-02  -2.1620772e-01  -3.1422497e-01  -1.2025874e-01  -3.8362616e-01  -3.0626323e-01   3.4521848e-04  -1.7108579e-01  -2.3578452e-02   2.8020439e-01  -4.0089514e-01   6.6220740e-03   1.4531491e-01   1.3767930e-01   1.6193665e-01  -4.0867640e-02  -6.2721720e-02  -2.0263628e-02  -5.7175830e-02   9.5562368e-02  -3.1344572e-01
   2.5465584e-01   3.9424076e-01   3.7020263e-01   3.3875423e-01   2.7596810e-01   3.2563104e-01   3.4773053e-01   3.6965581e-01  -2.7545355e-01   3.2981154e-01  -7.5512265e-01  -7.2174608e-01  -5.9807178e-01  -7.5495038e-01  -3.4676810e-01  -7.4469741e-02  -5.4203531e-01   1.1097303e-01  -3.6162884e-01  -3.7202003e-01   1.1731197e-01
   3.1401506e-01   3.4286105e-01   2.6727053e-01   4.0166295e-01   1.8783109e-01   2.5284526e-01   5.1475330e-01   3.3920430e-01  -1.2701571e-01   4.1526231e-01  -6.7458887e-01  -5.7180523e-01  -4.4868642e-01  -5.2696161e-01  -2.8075824e-01  -1.1029342e-02  -4.3431979e-01   1.2563922e-01  -1.8842264e-01  -3.6883980e-01  -2.0022257e-01
   2.0557188e-01   1.4023064e-01   8.8376195e-02   3.1446097e-01   1.1181223e-01   1.1314105e-01   2.8217232e-01   1.7894140e-01   4.8238524e-01   2.8164874e-01   2.5638846e-01   2.0107814e-01   1.5034054e-01   3.8397061e-01  -9.6958196e-02   3.7759886e-01   4.1906064e-02   2.1377674e-01   4.9802794e-01  -7.1442875e-02  -7.2565728e-01
  -1.4699308e-01   1.3813067e-02   9.4523924e-02  -2.3795227e-01   1.1679916e-01   9.7526822e-02  -1.8715455e-01  -7.3446864e-02  -5.1933656e-01  -2.5828474e-01  -3.3474863e-01  -3.9096632e-01  -3.4809958e-01  -6.1149815e-01  -7.8969567e-02  -4.8428475e-01  -1.9621082e-01  -2.7551262e-01  -5.9946273e-01   7.8490255e-03   5.2370689e-01
  -5.1787773e-01  -7.3964073e-01  -6.1956501e-01  -7.1856776e-01  -6.8126245e-01  -7.5747037e-01  -6.6182010e-01  -7.3006470e-01  -3.8247971e-01  -5.9917586e-01   2.3216717e-01   5.9367082e-01   6.2507880e-01   4.6807859e-01   7.1363932e-01   5.5115673e-03   4.7263828e-01   5.4285659e-02  -9.3236226e-02   4.6234114e-01  -1.6039389e-01
  -1.4524163e-01   1.6608902e-02   9.7547585e-02  -2.3612766e-01   1.2059258e-01   1.0110897e-01  -1.8526938e-01  -7.1473864e-02  -5.1856935e-01  -2.5646418e-01  -3.3603003e-01  -3.9417612e-01  -3.5145794e-01  -6.1467284e-01  -8.2609302e-02  -4.8524768e-01  -1.9985954e-01  -2.7593466e-01  -6.0009492e-01   7.1794516e-03   5.1753943e-01
  -5.1787770e-01  -7.3964062e-01  -6.1956491e-01  -7.1856754e-01  -6.8126242e-01  -7.5747031e-01  -6.6181973e-01  -7.3006456e-01  -3.8247955e-01  -5.9917533e-01   2.3216661e-01   5.9367074e-01   6.2507890e-01   4.6807873e-01   7.1363933e-01   5.5117793e-03   4.7263818e-01   5.4285821e-02  -9.3236117e-02   4.6234078e-01  -1.6039540e-01
  -1.5264814e-01   4.1086832e-03   8.3698041e-02  -2.4325197e-01   1.0241992e-01   8.4092849e-02  -1.9327040e-01  -7.9770567e-02  -5.2192814e-01  -2.6398872e-01  -3.3075769e-01  -3.7928093e-01  -3.3566642e-01  -5.9951243e-01  -6.5494612e-02  -4.7886521e-01  -1.8369536e-01  -2.7183924e-01  -5.9632629e-01   1.0401077e-02   5.4756273e-01
  -5.1787954e-01  -7.3964178e-01  -6.1956561e-01  -7.1856970e-01  -6.8126317e-01  -7.5747111e-01  -6.6182112e-01  -7.3006605e-01  -3.8248347e-01  -5.9917795e-01   2.3216490e-01   5.9366982e-01   6.2507840e-01   4.6807635e-01   7.1364065e-01   5.5088492e-03   4.7263842e-01   5.4284264e-02  -9.3239976e-02   4.6234115e-01  -1.6039107e-01
